"Value"
66.3625786428
64.34033588565
62.68952547165
56.9804727899
58.5762561901
63.9413900356
62.0704715664
55.6598244587
54.8069057448
51.8904740134
51.90423076685
51.9455010272
51.98677128755
52.1380955755
56.05877030875
69.40282115525
64.75303848915
48.98779903545
51.5052849168
60.0069585489
62.455660663
70.77849650025
69.1964698535
63.79006574765
65.24828161335
70.1869561019
66.81655150665
55.0270138
56.5127431726
61.6027419491
61.3826338939
60.6397692076
61.905390525
66.1974976014
66.45887591695
67.2980378774
70.00811830705
79.0463053237
78.39973791155
76.2399276199
72.53936094185
59.93817478165
56.91168902265
46.8279887438
47.58461018355
50.2121500925
52.3031766169
59.41541815055
58.53498592975
55.5497704311
54.4492301551
50.80369049085
51.38147413575
53.3211763722
52.89471701525
51.4777714099
50.7624202305
48.29996136295
47.80471823875
46.09888081095
47.06185355245
50.3222041201
51.9179875203
57.4482024072
55.302148869
48.0110695405
46.7179347162
42.35704387255
43.3888003813
46.89677251105
47.55709667665
49.73066372175
50.63860944945
53.74763572915
53.44498715325
52.4132306445
53.55504118085
57.48947266755
59.1265263281
64.75303848915
63.5837144459
59.71806672645
58.4386886556
54.13282482575
58.4111751487
73.11714458675
72.62190146255
70.91606403475
69.59541570355
65.207011353
64.0239305563
59.99320179545
63.6662549666
75.9097655371
75.387008906
73.6536579713
71.74146924175
65.2620383668
66.2250111083
69.4165779087
68.21974035855
64.14774133735
64.2440386115
64.53293043395
65.52341668235
68.8663077707
68.10968633095
65.49590317545
66.21125435485
68.57741594825
67.2430108636
62.71703897855
64.4366331598
70.22822636225
70.159442595
69.92557778635
68.7562537431
64.80806550295
65.93611928585
69.73298323805
69.95309129325
70.709712733
69.9393345398
67.3255513843
66.51390293075
63.76255224075
65.24828161335
70.2694966226
71.810253009
77.0653328269
74.43779291795
65.68849772375
66.4451191635
69.01763205865
69.37530764835
70.5996587054
69.62292921045
66.37633539625
68.19222685165
74.30022538345
71.6176584607
62.63449845785
61.80909325085
59.00271554705
57.5582564348
52.5232846721
53.88520326365
58.4386886556
58.9614452867
60.6672827145
58.053499559
49.1391233234
52.0555550548
61.7953364974
60.73606648175
57.2556078589
57.10428357095
56.5952836933
56.52649992605
56.2926351174
57.07677006405
59.74558023335
60.7773367421
64.25779536495
65.16574109265
68.233497112
66.23876786175
59.60801269885
60.15828283685
62.0704715664
62.96466054065
65.96363279275
68.77001049655
78.12460284255
78.8261972685
81.17860210845
80.84844002565
79.7616565031
80.5595482032
83.18708811215
83.24211512595
83.4209529208
83.26962863285
82.7606287552
83.4759799346
85.8696550349
88.1532761076
95.84330128615
90.42314042685
72.29173937975
72.37427990045
72.635658216
71.7001989814
68.54990244135
67.44936216535
63.79006574765
64.6842547219
67.69698372745
67.3530648912
66.2525246152
66.3900921497
66.84406501355
65.9498760393
62.9784172941
63.56995769245
65.46838966855
66.1149570807
68.21974035855
69.29276712765
72.8557662712
74.41027941105
79.47276468065
79.1563593513
78.0833325822
78.5235486926
79.99552131175
81.3574399033
85.842141528
85.38816866415
83.916196045
83.8336555243
83.57227720875
84.81038501925
88.93741105425
89.969167563
93.4358694324
93.42211267895
93.4083559255
93.1882478703
92.4728966909
92.6379777323
93.1882478703
89.2538163836
76.11611683885
76.88649503205
79.44525117375
79.25265662545
78.56481895295
80.35319690145
86.40616841945
86.2823576384
85.8696550349
85.14054710205
82.74687200175
81.70135873955
78.17962985635
77.87698128045
76.8452247717
79.9817645583
90.244302632
91.22103212695
94.46762594115
95.65070673785
99.6264084849
99.0761383469
97.2327333846
99.5713814711
107.5227849652
111.63605424675
125.3515374364
126.85102356245
131.7621845441
129.24469866275
120.88059256515
115.54297222655
97.7279765088
107.04129859445
137.55377774655
131.8172115579
112.7228377693
109.68259525685
99.5163544573
95.23800413435
81.23362912225
80.54579144975
78.2759271305
83.95746630535
102.9555428198
105.5968394822
114.456188704
117.93664732685
129.6986715266
125.94307783475
113.2180808935
112.84664855035
111.58102723295
108.0180280894
95.95335531375
93.3258154048
84.3564121554
100.10789485565
152.74123355535
150.43009897575
142.7400737972
140.1813176555
131.74842779065
129.68491477315
122.7377542809
111.00324358805
72.09914483145
70.44833441745
64.8768492702
63.43239015795
58.59001294355
60.62601245415
67.31179463085
79.83044027035
120.96313308585
128.1579151402
152.4798552398
152.7274768019
153.51161174855
151.2142339224
143.6480195249
140.7591013004
131.06059011815
125.1589428881
105.7894340305
103.40951568365
95.5268959568
95.3343014085
94.66022048945
95.5819229706
98.6084087296
106.79367703235
134.0458056168
141.18556065735
164.9434738655
158.6428807854
137.6775885276
134.541048741
124.0308891052
120.93561957895
110.6318112449
106.3121906616
91.9226265529
87.20406011955
71.19119910375
67.9308485361
57.10428357095
72.1954421056
122.6001867464
119.91761982365
111.0995408622
104.2211641372
81.6050614654
88.96492456115
113.7408375246
112.4201891934
108.1005686101
107.86670380145
107.1100823617
103.98729932855
93.72476125485
99.2412193883
117.3451069285
116.64351250255
114.30486441605
112.9979728383
108.678352255
110.0815411069
114.71756701955
116.932404325
124.29226742075
113.31437816765
77.2304138683
67.55941619295
35.3548563665
39.7295039636
54.51801392235
67.03665956185
108.22437939115
124.4435917087
177.7922815878
165.36993322245
123.3430514327
123.10918662405
122.3250516774
117.38637718885
101.1396513644
101.31848915925
101.9100295576
98.78724652445
88.4834381904
84.4939796899
71.05363156925
68.9488482914
62.0704715664
59.1265263281
49.1391233234
45.74120522125
34.5569646664
34.95591051645
36.2352885873
37.968639522
43.78774623135
41.9856115294
36.05645079245
34.35061336465
28.87542549155
28.95796601225
29.23310108125
32.17704631955
41.86180074835
43.81525973825
50.22590684595
52.2481496031
59.05774256085
60.8873907697
66.9403622877
70.3245236364
81.42622367055
89.6665189871
117.55145823025
118.29432291655
120.71551152375
120.0139170978
117.74405277855
118.73453902695
122.06367336185
137.017264362
186.22517145265
185.8262256026
184.5330907783
175.02717414435
143.4003979628
141.76334430225
136.3844537033
132.339968189
118.9408903287
109.0360278447
76.6801437303
91.41362667525
142.09350638505
139.1633179002
129.51983373175
114.49745896435
65.08320057195
71.19119910375
91.2898158942
99.64016523835
127.12615863145
124.6636997639
116.7122962698
109.18735213265
84.466466183
88.02946532655
99.77773277285
101.12589461095
105.52805571495
108.08681185665
116.6297557491
198.922654887
209.10265244
220.1080552
230.21926898575
229.50391780635
227.0964859526
215.2656779856
176.361579229
170.5562292731
151.31053119655
142.94642509895
115.62551274725
114.3186211695
109.9164600655
120.24778190645
154.6809357918
154.6809357918
173.33509347
193.970223645
213.8624891337
191.8791971206
119.55994423395
106.6423527444
64.94563303745
61.58898519565
50.55606892875
50.03331229765
48.2586911026
67.09168657565
129.7536985404
129.29972567655
127.8002395505
127.0573748642
124.6086727501
120.8393223048
108.52702796705
103.2581913957
85.96595230905
85.16806060895
82.5680342069
81.53627769815
78.15211634945
76.8727382786
72.6631717229
74.13514434205
78.963764803
81.04103457395
87.86438428515
113.91967531945
199.3353574905
204.30154548595
220.8784333932
222.10278445025
226.1885402249
205.4708695292
138.5855342553
127.37378019355
110.0540276
93.54592346
75.662143975
58.23233735385
47.47455615595
48.148637075
50.39098788735
55.577283938
72.64941496945
89.7490595078
145.9866676114
143.02896561965
133.2754274236
131.8722385717
127.26372616595
123.0954298706
109.4487304482
104.4137586855
87.89189779205
86.3373846522
81.17860210845
78.6611162271
70.2970101295
71.76898274865
76.55633294925
74.6166307128
68.3160376327
68.35730789305
68.4811186741
67.8483080154
65.757281491
63.76255224075
57.0905268175
60.1720395903
70.434577664
71.7001989814
75.7997115095
77.32671114245
82.3754396586
85.2093308693
94.52265295495
93.88984229625
91.8400860322
83.0632773311
54.65558145685
53.2661493584
48.76769098025
47.58461018355
43.76023272445
45.8925295092
52.7709062342
52.8534467549
53.101068317
56.1000405691
65.7847949979
71.2049558572
89.0061948215
101.86875929725
143.52420874385
141.2543444246
133.92199483575
126.76848304175
103.32697516295
99.598894978
87.53422220235
85.71833074695
79.7616565031
78.1933866098
72.9658202988
70.5996587054
62.82709300615
62.41439040265
61.06622856455
60.68103946795
59.429174904
56.82914850195
48.423772144
48.8364747475
50.1571230787
51.16136608055
54.46298690855
55.0820408138
57.07677006405
57.7508509831
59.91066127475
63.12974158205
73.69492823165
79.8441970238
99.77773277285
116.25832340595
169.60701328505
166.4292032381
155.98782736955
144.81734356815
108.2106226377
102.94178606635
85.6770604866
85.9797090625
86.9701953109
84.9617093072
78.3034406374
82.00400731545
93.94486931005
99.55762471765
117.71653927165
126.1769426434
153.51161174855
155.57512476605
162.20587992895
152.90631459675
123.3155379258
118.3355931769
102.19892138005
99.4063004297
90.3818701665
88.4559246835
82.16908835685
88.90989754735
110.75562202595
115.40540469205
130.48280647325
128.9833203472
124.1409431328
120.9768898393
110.72810851905
110.48048695695
109.6963520103
107.92173081525
102.2126781335
104.4137586855
111.52600021915
108.8984603102
100.30048940395
109.9164600655
141.0617498763
153.5803955158
194.01149390535
193.79138585015
193.10354817765
192.7321158345
191.5490350378
177.77852483435
134.0458056168
131.789698051
124.40232144835
118.89962006835
100.8370027885
93.39459917205
69.7467399915
70.72346948645
73.91503628685
88.77233001285
136.9072103344
145.3263434458
172.0694721526
169.8408780937
162.604825779
160.08733989765
151.9570986087
149.32955869975
140.80037156075
135.76539979805
119.2435389046
115.95567483005
105.1291098649
104.15238036995
101.0020838299
96.4073281776
81.5775479585
77.73941374595
65.13822758575
63.15725508895
56.677824214
57.0079862968
58.06725631245
53.11482507045
37.10196405465
34.32309985775
25.27115608765
24.30818334615
21.22667057335
21.5155623958
22.4510216304
24.61083192205
31.5855059212
29.7421009589
23.84045372885
20.7726977095
10.9778892531
11.98213225495
15.20121256225
15.44883412435
16.232969071
15.7652394537
14.26575332765
15.2424828226
18.4065361161
19.02559002135
21.0203192716
23.4965348926
31.35164111255
30.4574521383
27.60980417415
30.27861434345
38.794044729
36.93688301325
30.91142500215
30.7876142211
30.4024251245
29.97596576755
28.5590201622
30.0722630417
35.03845103715
34.2543160905
31.7505869626
30.5675061659
26.7156151999
26.50926389815
25.82142622565
24.5695616617
20.5250761474
20.3049680922
19.5896169128
20.359995106
22.93250800115
23.12510254945
23.73039970125
22.79494046665
19.82348172145
23.8542104823
36.868099246
36.7030182046
36.16650482005
36.63423443735
38.1612340703
38.1612340703
38.17499082375
36.6755046977
31.87439774365
33.60774867835
39.16547707215
40.34855786885
44.09039480725
43.98034077965
43.6364219434
43.2512328468
42.0131250363
41.28401710345
38.97288252385
40.40358488265
45.05336754875
44.91580001425
44.50309741075
45.5898809333
49.0565828027
50.3222041201
54.3942031413
54.98574353965
56.88417551575
58.42493190215
63.4461469114
61.61649870255
55.67358121215
55.45347315695
54.73812197755
51.87671725995
42.57715192775
46.497826661
59.2090668488
57.43444565375
51.79417673925
52.26190635655
53.77514923605
53.4312303998
52.28941986345
55.3846893897
65.52341668235
65.68849772375
66.23876786175
67.4631189188
71.4250639124
71.3700368986
71.2049558572
71.65892872105
73.0758743264
75.84098176985
84.6315472244
83.2283583725
78.75741350125
77.16163010105
72.0578745711
71.6726854745
70.50336143125
71.21871261065
73.52984719025
70.77849650025
62.00168779915
58.45244540905
47.17190758005
49.89574476315
58.81012099875
57.6683104624
54.0365275516
51.29893361505
42.5633951743
43.34753012095
45.87877275575
44.06288130035
38.14747731685
36.5654506701
31.5304789074
32.50720840235
35.64374818895
34.40564037845
30.41618187795
31.6955599488
35.78131572345
42.82477348985
64.86309251675
67.31179463085
75.31822513875
73.25471212125
66.59644345145
68.63244296205
75.0843603301
73.3510093954
67.66947022055
69.65044271735
76.06108982505
75.01557656285
71.71395573485
73.2684688747
78.37222440465
80.1743591066
85.8971685418
81.2748993826
66.73401098595
66.67898397215
66.4726326704
65.82606525825
63.76255224075
64.31282237875
66.0874435738
64.58795744775
59.7868504937
56.3201486243
45.27347560395
47.06185355245
52.7709062342
55.72860822595
65.30330862715
68.05465931715
76.91400853895
74.3690091507
66.32130838245
67.28428112395
70.39330740365
69.12768608625
65.0694438185
64.8768492702
64.2440386115
62.41439040265
56.60904044675
57.54449968135
60.52971518
60.2270666041
59.2365803557
58.1360400797
54.7243652241
54.68309496375
54.51801392235
53.2111223446
48.98779903545
51.0925823133
57.65455370895
59.36039113675
64.7667952426
65.38584914785
67.408091905
67.33930813775
67.14671358945
69.70546973115
77.71190023905
75.23568461805
67.31179463085
66.6652272187
64.6292277081
64.80806550295
65.35833564095
66.9128487808
71.85152326935
74.6716577266
83.51725019495
81.75638575335
76.17114385265
74.5065766852
69.23774011385
69.54038868975
70.4896046778
64.58795744775
45.8099889885
45.82374574195
45.8375024954
47.39201563525
52.3306901238
50.33596087355
43.9940975331
45.24596209705
49.3042043648
48.3137181164
45.16342157635
44.7369622194
43.3888003813
42.3983141329
39.2892878532
40.6099361844
44.8195027401
46.3602591265
51.32644712195
53.1285818239
58.81012099875
60.6672827145
66.56892994455
65.0694438185
60.29585037135
62.1530120871
67.97211879645
68.3435511396
69.56790219665
69.1414428397
67.8207945085
65.3996059013
57.5582564348
58.4386886556
61.2725798663
65.66098421685
79.63784572205
79.55530520135
79.28017013235
78.95000804955
77.9182515408
79.11508909095
82.82941252245
83.5034934415
85.6770604866
83.26962863285
75.7171709888
74.8642522749
72.20919885905
72.37427990045
72.89703653155
70.86103702095
64.36784939255
65.8398220117
70.5171181847
68.6186862086
62.55195793715
62.11174182675
60.70855297485
60.6947962214
60.6397692076
60.6672827145
60.70855297485
58.7963642453
52.78466298765
50.7349067236
44.28298935555
44.7094487125
45.122151316
45.5348539195
46.0851240575
46.77296173
47.50206966285
47.88725875945
49.09785306305
48.02482629395
44.66817845215
46.53909692135
52.3857171376
52.0280415479
50.8724742581
50.14336632525
47.80471823875
50.25342035285
57.8884185176
58.2185806004
59.22282360225
59.19531009535
59.0990128212
58.9064182729
58.28736436765
57.79212124345
56.27887836395
55.1370678276
51.46401465645
50.8724742581
49.0290692958
48.7814477337
48.0110695405
47.55709667665
46.1126375644
45.3697728781
43.0036112847
43.8015029848
46.34650237305
45.79623223505
44.1041515607
43.76023272445
42.6734492019
43.65017869685
46.77296173
46.7454482231
46.67666445585
45.5073404126
41.820530488
42.10942231045
43.0036112847
43.32001661405
44.28298935555
45.19093508325
48.02482629395
44.9845837815
35.45115364065
36.0151805321
37.7210179599
39.24801759285
44.00785428655
41.6829629535
34.40564037845
35.76755897
40.01839578605
40.48612540335
41.91682776215
40.78877397925
37.21201808225
41.33904411725
54.2566356068
56.3476621312
62.9784172941
63.92763328215
66.92660553425
65.60595720305
61.47893116805
58.1085265728
47.2406913473
48.1211235681
50.8724742581
49.89574476315
46.8004752369
44.94331352115
39.02790953765
39.344314867
40.3348011154
40.95385502065
42.90731401055
42.41207088635
40.81628748615
42.79725998295
49.0015557889
50.61109594255
55.6873379656
56.1550675829
57.59952669515
57.3381483796
56.52649992605
58.06725631245
62.90963352685
64.931876284
71.1774423503
73.736198492
81.97649380855
80.71087249115
76.7351707441
75.70341423535
72.4705771746
71.9478205435
70.28325337605
69.78801025185
68.2059836051
68.16471334475
67.9858755499
70.1319290881
76.9277652924
78.28968388395
82.5405207
79.6240889686
70.64092896575
72.75946899705
79.4314944203
79.4590079272
79.55530520135
79.55530520135
79.5415484479
79.7616565031
80.46325092905
80.5045211894
80.614575217
80.10557533935
78.4685216788
78.48227843225
78.53730544605
74.02509031445
60.07574231615
59.36039113675
57.13179707785
56.2376081036
53.47250066015
53.8989600171
55.23336510175
55.302148869
55.50850017075
56.6503107071
60.24082335755
58.3011211211
52.27566311
52.3857171376
52.75714948075
54.60055444305
60.254580111
60.6397692076
61.86412026465
61.17628259215
58.9889587936
61.03871505765
67.408091905
66.07368682035
61.9604175388
61.2450663594
59.00271554705
58.0259860521
54.9719867862
56.6503107071
61.8228500043
59.5392289316
52.37196038415
52.23439284965
51.79417673925
50.41850139425
46.1951780851
46.9655562783
49.3867448855
52.0555550548
60.3096071248
59.2090668488
55.72860822595
57.5307429279
63.1159848286
63.1434983355
63.2535523631
65.49590317545
72.53936094185
75.1944143577
83.5034934415
82.8706827828
80.9172237929
81.59130471195
83.7511150036
82.99449356385
80.65584547735
83.26962863285
91.4548969356
90.8495997838
88.9786813146
89.7215460009
92.0051670736
92.0601940874
92.26654538915
91.7850590184
90.3268431527
93.06443708925
101.6073809817
102.06135384555
103.4782994509
102.7079212577
100.3142461574
99.7639760194
98.0031115778
98.2507331399
99.0211113331
97.397814426
92.34908590985
91.44114018215
88.5659787111
88.2083031214
87.09400609195
89.29508664395
96.0771660948
96.0771660948
96.1046796017
98.70470600375
106.752406772
109.49000070855
118.0604581079
115.26783715755
106.6698662513
107.12383911515
108.55454147395
107.6878660066
105.0190558373
104.8539747959
104.37248842515
102.9280293129
98.3607871675
96.17346336895
89.3363569043
90.83584303035
95.45811218955
99.66767874525
113.06675660555
114.74508052645
120.02767385125
120.90810607205
123.65945676205
126.76848304175
136.64583201885
132.0373196131
117.757809532
118.032944601
118.87210656145
118.34934993035
116.7398097767
115.95567483005
113.56199972975
113.47945920905
113.25935115385
113.67205375735
114.9789453351
117.44140420265
125.06264561395
131.39075220095
150.92534209995
150.5539097568
149.3708289601
148.31155894445
145.0787218837
143.74431679905
139.6310475175
134.58231900135
118.6107282459
117.22129614745
112.80537829
113.7683510315
116.72605302325
114.00221584015
105.4592719477
105.101596358
103.98729932855
102.075110599
96.0496525879
98.84227353825
107.4402444445
105.7894340305
100.52059745915
101.0020838299
102.50156995595
106.18837988055
117.44140420265
117.4276474492
117.38637718885
123.76951078965
143.52420874385
143.33161419555
142.7400737972
140.4289392176
133.2754274236
128.2954826747
112.90167556415
109.0360278447
97.3152739053
96.572409219
94.2612746394
95.87081479305
100.90578655575
101.3872729265
102.8730022991
106.9725148272
119.8488360564
122.6827272671
131.514562982
139.7411015451
165.06728464655
157.7899620715
135.35269719455
134.1283461375
130.2489416646
129.3685094438
126.6446722607
122.6277002533
110.2466221483
110.2466221483
110.23286539485
107.6328389928
99.58513822455
97.49411170015
91.1522483597
88.99243806805
82.3479261517
81.6050614654
79.30768363925
77.3954949097
71.57638820035
74.41027941105
83.18708811215
86.79135751605
97.948084564
106.477271703
132.3674816959
138.18658840525
156.1116381506
150.0586666326
131.14313063885
112.8879188107
56.66406746055
51.79417673925
36.7305317115
33.33261360935
22.84996748045
23.84045372885
26.8806962413
27.8986959966
31.0352357832
32.9611812662
39.02790953765
41.55915217245
49.51055566655
49.4692854062
49.34547462515
50.83120399775
55.5497704311
58.89266151945
69.34779414145
67.55941619295
62.0979850733
61.69903922325
60.4196611524
60.68103946795
61.4926879215
63.4461469114
69.3890644018
70.159442595
72.4705771746
70.5996587054
64.80806550295
64.5742006943
63.8588495149
63.90011977525
64.0239305563
63.6387414597
62.44190390955
61.7403094836
59.6492829592
60.7773367421
64.2715521184
65.207011353
68.10968633095
69.1689563466
72.37427990045
72.9383067919
74.6716577266
75.40076565945
77.62935971835
77.79444075975
78.26217037705
77.5605759511
75.42827916635
75.1944143577
74.49281993175
71.9478205435
64.106471077
62.4281471561
57.1455538313
59.4842019178
66.70649747905
69.4165779087
77.7531704994
80.9447372998
90.80832952345
91.19351862005
92.3628426633
93.1882478703
95.7194905051
96.61367947935
99.3787869228
100.6444082402
104.6338667407
106.16086637365
110.94821657425
111.1270543691
111.66356775365
114.82762104715
124.7462402846
121.1144573738
109.9164600655
110.78313553285
113.45194570215
113.53448622285
113.7958645384
111.8699190554
106.0370555926
105.5693259753
104.1386236165
105.8169475374
111.0170003415
116.7122962698
134.0458056168
135.3389404411
139.2458584209
137.55377774655
132.3674816959
129.9738065956
122.710240774
119.6562415081
110.39794643625
110.2191086414
109.71010876375
109.778892531
110.01275733965
107.7153795135
100.60313797985
101.3872729265
103.7809480268
105.3217044132
110.0815411069
113.0529998521
122.09118686875
124.62242950355
132.49129247695
132.9727788477
134.44475146685
135.916724086
140.41518246415
140.00247986065
138.7231017898
138.04902087075
135.9992646067
135.51777823595
134.0458056168
133.5780759995
132.10610338035
131.85848181825
131.1018603785
133.67437327365
141.5845065074
142.8226143179
146.63323502355
145.97291085795
143.90939784045
143.5654790042
142.4924522351
139.09453413295
128.77696904545
129.2584554162
130.75794154225
138.43420996735
161.82069083235
164.4482307413
172.33085046815
167.92868936415
154.2957466952
153.1126658985
149.49463974115
147.73377529955
142.4924522351
143.22156016795
145.47766773375
143.24907367485
136.3844537033
136.5770482516
137.16858864995
135.5315349894
130.4965632267
135.1188323859
149.3708289601
149.0406668773
148.06393738235
150.3888287154
157.4047729749
156.62063802825
154.17193591415
149.4808829877
134.82994056345
138.73685854325
150.40258546885
148.31155894445
141.969695604
141.8046145626
141.32312819185
138.6130477622
130.51031998015
123.87956481725
103.40951568365
105.55556922185
112.1175406175
117.4551609561
133.39923820465
130.42777945945
121.2245114014
121.34832218245
121.70599777215
121.56843023765
121.12821412725
119.53243072705
118.15675538205
115.13026962305
116.4371612008
113.7958645384
105.74816377015
104.67513700105
101.40102967995
103.3682454233
109.46248720165
107.1651093755
100.19043537635
98.3057601537
92.5004101978
93.4908964462
96.5173822052
96.47611194485
96.36605791725
94.371328667
88.44216793005
90.0241945768
94.9766258188
93.5184099531
89.04746508185
87.14903310575
81.4124669171
81.20611561535
80.54579144975
79.4590079272
76.1849006061
74.71292798695
70.2970101295
67.75201074125
59.96568828855
59.7318234799
59.00271554705
59.71806672645
61.89163377155
59.7318234799
53.16985208425
56.6503107071
67.2430108636
72.6906852298
89.2263028767
87.01146557125
80.27065638075
83.04952057765
91.5374374563
91.8125725253
92.67924799265
92.6379777323
92.5279237047
86.46119543325
68.24725386545
68.2059836051
68.0684160706
65.7847949979
58.8238777522
58.78260749185
58.6587967108
57.10428357095
52.3857171376
53.5963114412
57.35190513305
58.34239138145
61.36887714045
60.54347193345
58.01222929865
58.09476981935
58.3561481349
58.1360400797
57.48947266755
55.3296623759
48.6713937061
47.048096799
42.13693581735
41.69671970695
40.3623146223
42.24698984495
47.94228577325
50.22590684595
57.18682409165
57.62704020205
58.9339317798
59.9244180282
62.9509037872
63.8863630218
66.65147046525
68.21974035855
72.9383067919
75.07060357665
81.5500344516
83.7511150036
90.31308639925
91.66124823735
95.747004012
93.6559774876
87.2728438868
86.942681804
85.9521955556
80.79341301185
65.0694438185
64.7392817357
63.7487954873
67.1879838498
77.6706299787
77.87698128045
78.50979193915
81.3574399033
90.0241945768
92.7755452668
101.1396513644
97.1501928639
85.0442498279
83.37968266045
78.3584676512
79.1013323375
81.3299263964
83.70984474325
90.9871673183
88.4284111766
80.73838599805
84.70033099165
96.86130104145
96.572409219
95.7194905051
96.7099767535
99.69519225215
100.16292186945
101.5798674748
102.1576511197
103.93227231475
101.12589461095
92.54168045815
94.371328667
99.9290570608
101.67616474895
106.87621755305
108.38946043255
113.01172959175
111.77362178125
108.05929834975
116.89113406465
143.4003979628
143.4279114697
143.52420874385
130.78545504915
92.5554372116
89.0887353422
78.8812242823
76.00606281125
67.2705243705
63.1434983355
50.7899337374
52.37196038415
57.0354998037
59.27785061605
66.12871383415
69.21022660695
78.5785757064
84.8516552796
103.6158669854
101.2772188989
94.096193598
97.3152739053
107.09632560825
110.4117031897
120.30280892025
123.19172714475
132.10610338035
130.92302258365
127.3600234401
125.5441319847
120.11021437195
117.8678635596
110.94821657425
110.6318112449
109.68259525685
109.40746018785
108.5682982274
105.0740828511
94.77027451705
95.0591663395
95.9395985603
98.3607871675
105.7068935098
106.24340689435
107.81167678765
109.5862979827
114.8964048144
116.61599899565
121.81605179975
118.51443097175
108.80216303605
107.28892015655
102.77670502495
96.42108493105
77.3679814028
76.80395451135
75.12563059045
74.93303604215
74.3139821369
72.09914483145
65.482146422
66.21125435485
68.3710646465
67.6281999602
65.4271194082
72.26422587285
92.78930202025
97.02638208285
109.49000070855
111.5672704795
117.8678635596
117.5377014768
116.5472152284
111.77362178125
97.54913871395
95.10043659985
87.5479789558
87.97443831275
89.24005963015
93.0781938427
104.55132622
108.47200095325
120.3991061944
116.382134187
104.20740738375
98.1957061261
80.2293861204
81.83892627405
86.667546735
85.22308762275
80.82092651875
83.1733313587
90.2167891251
90.7120322493
92.18400486845
92.5829507185
93.7935450221
93.7110045014
93.4358694324
93.44962618585
93.4908964462
93.7110045014
94.3438151601
90.53319445445
78.97752155645
80.2293861204
83.90243929155
84.4939796899
86.26860088495
82.815655769
72.51184743495
69.9118210329
62.0979850733
57.9159320245
45.5348539195
44.9845837815
43.32001661405
40.21099033435
31.0352357832
31.21407357805
31.76434371605
29.72834420545
23.62034567365
21.94202175275
16.9208067435
16.6456716745
15.8202664675
15.50386113815
14.5271316432
14.2244830673
13.35780759995
13.30278058615
13.13769954475
12.931348243
12.2710240774
12.20224031015
11.9683755015
17.333509347
33.41515413005
35.47866714755
41.55915217245
41.1326928155
39.8670714981
37.78980172715
31.46169514015
29.1092903002
22.1483730545
20.4975626405
15.5176178916
15.11867204155
13.8943209845
14.59591541045
16.6456716745
18.75045495235
25.10607504625
24.5970751686
23.09758904255
25.76639921185
33.82785673355
31.4754518936
24.41823737375
26.45423688435
32.4934516489
31.365397866
28.0362635311
28.2288580794
28.8341552312
37.95488276855
64.80806550295
63.32233613035
58.9339317798
57.2831213658
52.2481496031
49.62060969415
41.8480439949
40.169720074
35.12099155785
32.39715437475
24.33569685305
25.4775073894
28.8616687381
29.83839823305
32.741073211
32.45218138855
31.57174916775
37.18450457535
53.926473524
59.9244180282
78.15211634945
72.2779826263
54.6968517172
50.58358243565
38.25753134445
40.3898281292
46.73169146965
42.13693581735
28.57277691565
30.33364135725
35.6299914355
34.3368566112
30.55374941245
30.7876142211
31.5029654005
30.3749116176
27.0182637758
28.60029042255
33.25007308865
33.25007308865
33.2363163352
36.5654506701
46.40152938685
52.9635007825
72.6631717229
75.0568468232
82.08654783615
79.47276468065
71.7552259952
72.23671236595
73.63990121785
72.70444198325
69.87055077255
67.83455126195
61.8228500043
58.83763450565
50.0470690511
55.23336510175
70.80601000715
65.3720923944
49.1391233234
51.175122834
57.1730673382
62.35936338885
77.9457650477
74.2589551231
63.3911198976
64.5466871874
67.9858755499
87.2453303799
144.81734356815
139.03950711915
121.76102478595
114.181053635
91.52368070285
90.7670592631
88.52470845075
84.4389526761
72.3880366539
67.14671358945
51.5327984237
50.03331229765
45.6173944402
46.222691592
48.07985330775
50.66612295635
58.3561481349
59.88314776785
64.31282237875
66.78903799975
74.2039281093
82.77438550865
108.11432536355
109.3386764206
112.90167556415
107.9630010756
93.22951813065
89.95541080955
80.1743591066
79.1563593513
76.1023600854
81.6876019861
98.4708411951
100.98832707645
108.47200095325
99.61265173145
73.4060364092
78.26217037705
93.00941007545
96.17346336895
105.4867854546
102.9830563267
95.59567972405
100.71319200745
115.95567483005
117.77156628545
123.13670013095
131.72091428375
157.0195838783
164.255636193
185.5786040405
186.22517145265
188.1648736891
172.4546612492
125.66794276575
134.541048741
160.2661776925
156.29047594545
144.56972200605
141.35064169875
131.8447250648
120.46788996165
87.34162765405
80.71087249115
60.81860700245
65.82606525825
80.65584547735
84.20508786745
94.5088962015
97.5904089743
106.71113651165
109.90270331205
119.33983617875
115.3641344317
103.6158669854
100.8645162954
92.6654912392
90.94589705795
85.7871145142
81.39871016365
68.43984841375
77.2579273752
103.27194814915
93.6559774876
64.931876284
78.8812242823
120.11021437195
119.58745774085
118.01918784755
115.4191614455
107.64659574625
107.852947048
108.47200095325
110.45297345005
116.1895396387
114.3186211695
108.7608927757
107.4677579514
103.6158669854
108.14183887045
121.43086270315
118.6382417528
110.48048695695
100.79573252815
71.82400976245
67.44936216535
54.5867976896
55.2471218552
57.15931058475
59.3191208764
65.71601123065
68.1509565913
75.1944143577
77.6706299787
84.9617093072
89.3913839181
102.47405644905
107.9354875687
123.79702429655
124.361051188
125.99810484855
121.23826815485
106.98627158065
104.4137586855
96.83378753455
94.24751788595
86.51622244705
84.2463581278
77.588089458
77.40925166315
76.88649503205
77.05157607345
77.57433270455
76.4325221682
73.0758743264
73.0758743264
73.0483608195
72.5256041884
70.9573342951
72.95206354535
78.81244051505
80.1468455997
84.12254734675
86.3098711453
92.6379777323
102.1576511197
130.5791037474
124.1959701466
105.1291098649
101.8550025438
92.34908590985
92.21151837535
91.8125725253
88.66227598525
79.5415484479
77.3679814028
71.02611806235
72.2504691194
75.86849527675
69.70546973115
51.73914972545
51.2576633547
49.84071774935
52.9084737687
62.0154445526
65.8673355186
77.0928463338
78.6336027202
83.1733313587
81.15108860155
75.15314409735
71.0949018296
59.14028308155
56.91168902265
50.25342035285
51.0650688064
53.47250066015
51.7804199858
46.8004752369
43.0861518054
32.34212736095
30.3473981107
24.3769671134
25.60131817045
29.2193443278
30.49872239865
34.29558635085
34.667018694
35.75380221655
32.94742451275
24.74839945655
27.71985820175
36.44163988905
34.43315388535
28.60029042255
29.2743713416
31.24158708495
31.1177763039
30.7601007142
28.93045250535
23.56531865985
23.6891294409
24.06056178405
26.7981557206
34.79082947505
36.05645079245
39.7295039636
38.1887475772
33.66277569215
35.69877520275
41.6279359397
41.28401710345
40.29353085505
39.9771255257
39.02790953765
40.37607137575
44.36552987625
42.4533411467
36.90936950635
36.7030182046
36.11147780625
38.2162610841
44.44807039695
49.8269609959
65.4546329151
57.8333915038
35.3548563665
35.50618065445
35.9601535183
34.7770727216
31.2828573453
30.9802087694
30.1272900555
32.0532355385
37.6659909461
39.02790953765
43.07239505195
50.1846365856
70.80601000715
72.1954421056
76.2399276199
72.86952302465
63.005930801
57.1180403244
40.21099033435
37.32207210985
28.7791282174
27.4034528724
23.4415078788
25.1198317997
29.9346955072
29.0267497795
26.34418285675
25.0097777721
21.06158953195
21.9007514924
24.3219400996
24.6796156893
25.71137219805
23.7716699616
18.0488605264
19.7271844473
24.5970751686
25.38121011525
27.71985820175
31.7230734557
43.48509765545
44.69569195905
48.2036640888
47.44704264905
45.2322053436
41.8755575018
32.1357760592
30.60877642625
26.17910181535
25.5325344032
23.6341024271
21.69440019065
15.99910426235
16.3705366055
17.45732012805
17.67742818325
18.33775234885
22.836210727
36.08396429935
41.11893606205
55.8249055001
56.6503107071
59.0714993143
59.52547217815
60.8323637559
66.3625786428
82.6780882345
69.4165779087
31.5029654005
29.0817767933
21.9557785062
23.3589673581
27.4309663793
26.0277775274
21.94202175275
24.1568590582
30.539992659
30.85639798835
31.76434371605
33.25007308865
37.48715315125
37.1707478219
36.30407235455
36.66174794425
37.7210179599
37.54218016505
37.01942353395
36.85434249255
36.4003696287
43.89780025895
65.41336265475
65.63347070995
66.2800381221
58.70006697115
36.6204776839
36.2077750804
34.9971807768
32.67228944375
25.90396674635
24.66585893585
21.03407602505
22.02456227345
24.85845348415
24.66585893585
24.11558879785
25.87645323945
31.0627492901
31.90191125055
34.2818295974
36.0151805321
41.0776658017
40.7750172258
39.8670714981
38.75277446865
35.53369416135
35.64374818895
35.97391027175
34.02045128185
28.3664256139
29.04050653295
30.9802087694
32.5484786627
37.07445054775
36.9506397667
36.60672093045
37.8035584806
41.31153061035
40.10093630675
36.60672093045
35.75380221655
33.3188568559
30.5675061659
22.46477838385
21.3779948613
18.22769832125
19.38326561105
22.71239994595
22.57483241145
22.1758865614
22.0383190269
21.6256164234
19.71342769385
14.26575332765
13.74299669655
12.2710240774
12.2710240774
12.2710240774
11.9683755015
11.1429702945
10.9503757462
10.4276191151
13.49537513445
22.29969734245
22.7536702063
24.08807529095
28.29764184665
40.5549091706
40.56866592405
40.59617943095
40.9125847603
41.8480439949
40.8850712534
38.11996380995
36.592964177
32.2183165799
29.09553354675
20.15364380425
20.1123735439
20.01607626975
22.32721084935
28.95796601225
28.1463175587
25.8351829791
24.76215621
21.66688668375
22.0383190269
23.12510254945
25.587561417
32.8236137317
36.7305317115
47.91477226635
42.49461140705
26.9357232551
23.53780515295
13.79802371035
13.96310475175
14.4721046294
13.30278058615
9.8223219633
7.82759271305
2.07726977095
3.4116748556
7.19478205435
9.17575455115
14.87105047945
14.857293726
14.81602346565
15.5726449054
17.7462119505
17.37477960735
16.30175283825
15.22872606915
12.17472680325
17.01710401765
30.8426412349
33.80034322665
42.3983141329
33.19504607485
6.7683226974
6.64451191635
6.31434983355
6.3556200939
6.47943087495
7.00218750605
8.48791687865
10.27629482715
15.31126658985
16.43932037275
19.6996709404
22.10710279415
29.0817767933
28.614047176
27.2933988448
27.1008042965
26.5230206516
26.6605881861
27.0457772827
24.487021141
17.15467155215
18.3515091023
21.80445421825
21.8182109717
21.85948123205
20.0573465301
14.857293726
15.407563864
16.96207700385
17.4160498677
18.72294144545
19.68591418695
22.4510216304
22.6161026718
23.07007553565
23.81294022195
26.0002640205
26.70185844645
28.73785795705
27.71985820175
24.8446967307
26.8256692275
32.67228944375
31.92942475745
29.7696144658
29.15056056055
27.4034528724
26.8256692275
25.2023723204
22.7261566994
15.64142867265
15.11867204155
13.66045617585
12.94510499645
10.96413249965
10.90910548585
10.74402444445
11.7482674463
14.582158657
14.1969695604
13.0964292844
12.5736726533
11.10170003415
11.48688913075
12.61494291365
12.11969978945
10.6752406772
11.70699718595
14.6646991777
15.20121256225
16.74196894865
16.8932932366
17.3059958401
18.1864280609
20.7451842026
20.6076166681
20.2499410784
18.7917252127
14.56840190355
13.93559124485
12.14721329635
13.1514562982
16.0128610158
16.10915828995
16.3705366055
16.19169881065
15.7102124399
15.6551854261
15.4901043847
15.03613152085
13.7292399431
13.79802371035
14.031888519
14.4721046294
15.75148270025
16.43932037275
18.3790226092
18.3239955954
18.17267130745
17.01710401765
13.7017264362
12.64245642055
9.58845715465
8.7768087011
6.42440386115
7.44240361645
10.35883534785
11.280537829
13.9218344914
14.3620506018
15.64142867265
16.1229150434
17.53986064875
19.02559002135
23.29018359085
23.2213998236
23.04256202875
24.5695616617
28.9992362726
28.8341552312
28.40769587425
27.74737170865
25.87645323945
25.6425884308
24.96850751175
25.6701019377
27.66483118795
26.8531827344
24.487021141
23.8542104823
22.05207578035
21.52931914925
20.0573465301
21.2404273268
24.7071291962
24.94099400485
25.587561417
29.3293983554
39.90834175845
46.6904212093
66.15622734105
66.37633539625
67.00914605495
58.97520204015
36.2628020942
32.28710034715
21.0478327785
21.5705894096
23.04256202875
21.33672460095
16.50810414
19.4795628852
27.9537230104
27.7061014483
26.97699351545
25.9177234998
22.8912377408
20.4150221198
13.3165373396
17.1959418125
28.27012833975
28.65531743635
29.7421009589
33.841613487
45.5348539195
52.06931180825
70.5446316916
69.1414428397
65.13822758575
62.74455248545
56.0175000484
52.92223052215
43.8015029848
43.48509765545
42.57715192775
42.87980050365
43.73271921755
40.51363891025
31.40666812635
30.9526952625
29.67331719165
28.51774990185
25.2849128411
26.78439896715
31.15904656425
42.7559897226
75.5520899474
70.88855052785
57.8609050107
57.4482024072
56.27887836395
52.3306901238
41.1877198293
41.99936828285
39.894585005
38.51890966
37.143234315
35.76755897
34.26807284395
34.7495592147
36.1252345597
34.942153763
31.54423566085
31.04899253665
29.64580368475
30.7601007142
33.93791076115
33.44266763695
32.0257220316
39.60569318255
61.25882311285
65.68849772375
78.2209001167
76.8452247717
72.92455003845
67.99963230335
54.05028430505
53.44498715325
51.725392972
