"Value"
44.1041515607
35.8500994907
35.4649103941
33.8691269939
31.92942475745
23.8817239892
22.38223786315
16.16418530375
19.41077911795
32.91991100585
32.6585326903
31.5579924143
28.98547951915
18.25521182815
18.22769832125
18.09013078675
20.5250761474
30.60877642625
29.6595604382
25.7251289515
26.0552910343
27.4034528724
28.2288580794
31.68180319535
30.8701547418
27.5410204069
28.338912107
31.6680464419
33.3738838697
40.59617943095
43.4163138882
54.9444732793
56.30639187085
61.94666078535
62.1530120871
63.005930801
57.13179707785
33.1262623076
34.9146402561
42.38455737945
42.27450335185
41.83428724145
43.62266518995
51.02379854605
49.9370150235
45.38352963155
45.71369171435
47.08936705935
46.3877726334
43.48509765545
43.40255713475
43.0311247916
42.370800626
39.57817967565
38.794044729
35.58872117515
35.91888325795
37.2808018495
36.44163988905
32.9061542524
33.16753256795
34.1992890767
37.968639522
53.30741961875
52.3857171376
48.5338261716
50.074582558
56.3476621312
55.39844614315
51.49152816335
49.78569073555
42.68720595535
41.1051793086
34.65326194055
35.6299914355
39.5919364291
36.5379371632
24.06056178405
24.3219400996
25.3949668687
26.3579396102
30.3198846038
30.80137097455
32.80985697825
32.0257220316
28.76537146395
29.8246414796
34.21304583015
35.5474509148
41.2427468431
42.4258276398
47.4607994025
47.8184749922
49.3317178717
48.5338261716
45.05336754875
44.06288130035
39.7570174705
40.56866592405
43.98034077965
43.9115570124
43.59515168305
42.921070764
40.07342279985
39.68823370325
38.0786935496
39.2617743463
44.2692326021
45.0671243022
48.5063126647
46.59412393515
38.4913961531
40.43109838955
48.74017747335
51.5878254375
63.6112279528
64.1890115977
66.67898397215
64.64298446155
56.03125680185
56.0175000484
55.94871628115
56.47147291225
58.7138237246
58.45244540905
57.3381483796
55.78363523975
49.1941503372
49.70315021485
51.82169024615
51.5878254375
50.58358243565
47.0205832921
31.90191125055
33.1812893214
38.6014501807
37.6109639323
33.3738838697
35.56120766825
44.6269081918
43.8840435055
40.73374696545
42.27450335185
48.8089612406
48.2036640888
45.6173944402
44.571881178
40.169720074
42.05439529665
50.03331229765
48.2036640888
40.62369293785
40.3898281292
39.3993418808
40.95385502065
47.5158264163
47.66715070425
48.27244785605
47.17190758005
42.4808546536
42.3432871191
41.77926022765
41.09142255515
38.20250433065
38.4913961531
39.7019904567
40.0046390326
41.3252873638
41.20147658275
40.6649631982
40.8575577465
41.7379899673
42.43958439325
45.43855664535
47.44704264905
55.8249055001
54.9444732793
51.1476093271
52.37196038415
57.62704020205
57.13179707785
55.04077055345
51.8354469996
38.47763939965
38.1062070565
36.52418040975
37.29455860295
40.59617943095
40.4998821568
40.12844981365
40.6374496913
42.7559897226
43.8015029848
48.3137181164
48.5888531854
49.7444204752
50.2121500925
52.20687934275
50.11585281835
41.2427468431
42.30201685875
46.6904212093
45.46607015225
40.26601734815
39.33055811355
35.2723158458
34.43315388535
30.8426412349
29.7696144658
25.18861556695
26.42672337745
31.6955599488
31.98445177125
33.2363163352
36.22153183385
48.57509643195
49.1391233234
51.5327984237
50.2946906132
45.122151316
44.47558390385
41.80677373455
44.25547584865
54.43547340165
53.3486898791
48.85023150095
50.4322581477
57.04925655715
56.2651216105
52.86720350835
52.31693337035
49.9920420373
49.23542059755
46.09888081095
47.1031238128
51.24390660125
49.29044761135
41.1602063224
39.68823370325
33.58023517145
34.3093431043
37.5284234116
38.1887475772
40.9400982672
41.09142255515
41.69671970695
42.5083681605
45.87877275575
44.7369622194
39.93585526535
41.03639554135
45.68617820745
44.25547584865
38.3263151117
38.4363691393
38.9040987566
38.8765852497
38.72526096175
38.36758537205
36.8956127529
36.66174794425
35.7125319562
36.5104236563
39.894585005
39.74326071705
39.0966933049
40.70623345855
47.36450212835
47.14439407315
46.1951780851
47.85974525255
54.7243652241
54.4492301551
53.30741961875
52.9084737687
51.2301498478
52.6883657135
58.78260749185
59.22282360225
61.079985318
61.45141766115
63.04720106135
64.1890115977
68.9488482914
70.17319934845
75.1669008508
73.5711174506
66.8303082601
62.66201196475
45.05336754875
42.9485842709
34.1717755698
34.1992890767
34.2818295974
33.1812893214
28.54526340875
26.53677740505
18.42029286955
18.11764429365
16.8382662228
18.44780637645
25.2849128411
26.3029125964
30.47120889175
29.64580368475
26.0828045412
28.71034445015
39.8120444843
40.18347682745
41.64169269315
42.10942231045
44.00785428655
45.05336754875
49.42801514585
50.6523662029
55.67358121215
56.1000405691
57.8884185176
58.9889587936
63.62498470625
64.8768492702
70.11817233465
70.22822636225
70.6821992261
69.884307526
66.51390293075
64.2440386115
54.8619327586
53.69260871535
48.7814477337
47.8459884991
43.92531376585
42.16444932425
34.81834298195
35.1897753251
36.71677495805
35.34109961305
29.5495064106
29.72834420545
30.4574521383
29.0817767933
23.2764268374
22.40975137005
18.7642117058
19.85099522835
24.39072386685
23.6065889202
20.34623835255
19.98856276285
18.5165901437
18.5165901437
18.53034689715
19.46580613175
23.40023761845
24.58331841515
29.4944793968
30.44369538485
34.4469106388
34.8320997354
36.4553966425
36.74428846495
37.968639522
38.7665312221
42.0406385432
45.76871872815
61.5477149353
59.3741478902
50.36347438045
50.1296095718
49.18039358375
49.34547462515
50.08833931145
49.37298813205
46.4152861403
45.30098911085
40.73374696545
40.43109838955
39.1242068118
38.61520693415
36.5379371632
37.10196405465
39.3993418808
38.91785551005
36.8956127529
35.64374818895
30.41618187795
28.54526340875
20.59385991465
22.1758865614
28.7241012036
28.05002028455
25.27115608765
22.71239994595
11.8858349808
12.50488888605
15.0498882743
14.87105047945
14.12818579315
13.481618381
10.8953487324
10.8953487324
10.9228622393
11.37683510315
13.2615103258
13.77051020345
15.9028069882
17.5811309091
24.7071291962
22.76742695975
14.7472396984
17.9112929919
30.82888448145
31.92942475745
36.5379371632
37.6109639323
42.08190880355
40.444855143
33.60774867835
35.0522077906
41.1326928155
40.9125847603
40.01839578605
37.6659909461
27.91245275005
28.2013445725
29.39818212265
29.50823615025
29.97596576755
28.0362635311
20.0573465301
23.386480865
37.143234315
34.5569646664
23.5790754133
24.00553477025
25.71137219805
24.55580490825
19.7271844473
21.03407602505
26.4955071447
24.0192915237
13.74299669655
14.10067228625
15.55888815195
16.90704999005
22.4785351373
22.13461630105
20.73142744915
19.809724968
16.0403745227
14.9673477536
10.5376731427
10.30380833405
9.3821058529
10.00115975815
12.53240239295
17.2234553194
36.41412638215
34.57072141985
27.00450702235
28.5590201622
34.9146402561
33.33261360935
26.92196650165
28.063777038
32.7685867179
30.7876142211
22.5885891649
24.6245886755
32.9336677593
39.7019904567
67.7382539878
60.2270666041
29.0817767933
28.07753379145
23.8817239892
22.8637242339
18.6816711851
22.2034000683
36.8405857391
37.84482874095
42.1782060777
37.7210179599
19.2319413231
17.4985903884
10.41386236165
10.0974570323
8.76305194765
9.23078156495
11.15672704795
11.59694315835
13.35780759995
14.0594020259
17.07213103145
17.0033472642
16.71445544175
17.2234553194
19.2869683369
19.4520493783
20.15364380425
19.98856276285
19.3419953507
17.73245519705
11.21175406175
10.3450785944
6.80959295775
6.5482146422
5.4751878731
8.90061948215
22.8912377408
24.47326438755
31.0352357832
30.80137097455
29.8521549865
32.3833976213
42.7559897226
43.07239505195
44.3792866297
46.0300970437
52.75714948075
57.9159320245
78.9912783099
79.66535922895
82.4304666724
80.05054832555
70.3520371433
69.334037388
65.1519843392
64.14774133735
59.96568828855
58.12228332625
50.63860944945
49.53806917345
44.99834053495
43.84277324515
39.069179798
36.68926145115
27.0457772827
27.9537230104
31.640532935
31.1452898108
29.1368038071
28.76537146395
27.238371831
27.80239872245
30.08601979515
35.06596454405
55.72860822595
53.94023027745
46.8004752369
49.5793394338
60.9149042766
60.04822880925
56.49898641915
58.14979683315
64.78055199605
63.10222807515
56.2926351174
56.7328512278
58.4937156694
60.5847421938
68.9763617983
71.0123613089
79.33519714615
77.02406256655
67.55941619295
62.730795732
43.3612868744
41.03639554135
31.70931670225
41.4628548983
81.31616964295
79.6791159824
73.0758743264
69.56790219665
55.4397164035
53.5137709205
45.3697728781
45.74120522125
47.2406913473
47.5708534301
48.90525851475
45.397286385
30.8976682487
29.7696144658
25.1748588135
26.137831555
29.97596576755
29.439452383
27.238371831
25.3674533618
17.73245519705
18.72294144545
22.7536702063
25.51877764975
36.82682898565
37.78980172715
41.6829629535
46.0300970437
63.4736604183
60.24082335755
47.00682653865
42.98985453125
26.31666934985
24.28066983925
15.94407724855
15.4625908778
13.5091318879
13.57791565515
13.88056423105
16.50810414
27.1833448172
31.68180319535
49.97828528385
52.7158792204
63.8863630218
66.3900921497
76.41876541475
75.8272250164
73.41979316265
72.7181987367
69.87055077255
66.9128487808
55.04077055345
53.1285818239
45.21844859015
43.7189624641
37.65223419265
36.55169391665
32.0532355385
31.54423566085
29.50823615025
29.50823615025
29.4944793968
28.6965876967
25.4775073894
23.48277813915
15.4901043847
19.7271844473
36.99191002705
39.71574721015
50.63860944945
51.1476093271
53.16985208425
52.42698739795
49.37298813205
46.9655562783
37.2808018495
34.9146402561
25.2298858273
24.14310230475
19.63088717315
22.46477838385
34.02045128185
31.70931670225
22.32721084935
24.36321035995
32.83737048515
30.77385746765
22.5060486442
22.561075658
22.8086972201
23.0288052753
23.95050775645
24.25315633235
25.51877764975
22.6436161787
10.96413249965
13.1789698051
22.0383190269
24.69337244275
35.4373968872
36.7030182046
41.80677373455
40.32104436195
34.15801881635
33.41515413005
30.36115486415
28.73785795705
22.27218383555
21.72191369755
19.49331963865
21.3779948613
28.9992362726
28.0912905449
24.41823737375
27.27964209135
38.9040987566
37.73477471335
32.9611812662
33.66277569215
36.46915339595
36.96439652015
38.9866392773
38.42261238585
36.1252345597
34.2818295974
26.89445299475
27.0457772827
27.6510744345
27.05953403615
24.6521021824
22.5335621511
14.1419425466
15.83402322095
22.6711296856
22.5060486442
21.8457244786
23.1938863167
28.49023639495
26.7431287068
19.76845470765
19.6721574335
19.3144818438
18.434049623
14.857293726
16.41180686585
22.65737293215
20.9377787509
13.9768615052
17.34726610045
31.0352357832
27.22461507755
11.73451069285
11.92710524115
12.69748343435
12.7662672016
13.05515902405
12.75251044815
11.51440263765
11.1429702945
9.6572409219
12.7112401878
25.1748588135
23.86796723575
18.5441036506
22.8637242339
40.169720074
49.29044761135
87.09400609195
84.50773644335
74.10763083515
63.62498470625
21.6806434372
23.4965348926
30.8701547418
31.35164111255
33.291343349
33.9241540077
36.41412638215
34.4193971319
26.23412882915
26.89445299475
29.56326316405
29.89342524685
31.21407357805
31.5579924143
32.9886947731
32.34212736095
29.7696144658
29.7696144658
29.72834420545
29.7696144658
29.94845226065
28.5039931484
22.6986431925
22.87748098735
23.5515619064
24.1293455513
26.4679936378
27.33466910515
30.8426412349
30.7876142211
30.6225331797
31.32412760565
34.07547829565
32.36964086785
25.49126414285
25.8351829791
27.16958806375
26.86693948785
25.587561417
25.76639921185
26.45423688435
32.0807490454
54.24287885335
54.4217166482
55.15082458105
56.82914850195
63.5286874321
61.89163377155
55.4672299104
55.70109471905
56.66406746055
56.8429052554
57.54449968135
57.46195916065
57.15931058475
54.84817600515
45.6173944402
45.24596209705
43.746475971
45.7824754816
53.8989600171
58.12228332625
75.31822513875
77.8907380339
88.19454636795
87.0252223247
82.38919641205
83.57227720875
88.2633301352
85.842141528
76.03357631815
73.86000927305
65.2620383668
64.9043627771
63.4186334045
62.9233902803
60.8598772628
58.45244540905
48.974042282
49.12536656995
49.70315021485
54.13282482575
72.085388078
73.77746875235
80.4494941756
76.3499816475
60.18579634375
63.18476859585
75.31822513875
72.9383067919
63.45990366485
65.60595720305
74.05260382135
74.08011732825
74.2039281093
81.64633172575
111.41594619155
112.9704593314
119.09221461665
115.3916479386
100.60313797985
93.58719372035
65.52341668235
67.7107404809
76.4600356751
76.3774951544
76.0473330716
77.49179218385
83.29714213975
80.98600756015
71.8652800228
70.0769020743
63.0334443079
64.7943087495
71.90655028315
71.5626314469
70.20071285535
70.83352351405
73.3234958885
75.34573864565
83.40719616735
82.00400731545
76.33622489405
78.78492700815
88.4559246835
86.0897630901
76.4325221682
77.7531704994
83.090790838
79.69287273585
66.37633539625
66.3625786428
66.29379487555
63.5837144459
52.92223052215
54.02277079815
58.36990488835
58.7963642453
60.4471746593
59.8969045213
57.68206721585
58.78260749185
62.99217404755
61.630255456
56.19633784325
57.40693214685
62.16676884055
61.28633661975
57.87466176415
59.27785061605
64.9043627771
64.78055199605
64.2990656253
64.7667952426
66.62395695835
68.0684160706
73.7912255058
73.19968510745
70.8472802675
71.4525774193
73.8187390127
73.08963107985
70.1319290881
67.5456594395
57.32439162615
57.5582564348
58.4386886556
60.9424177835
70.9573342951
70.03563181395
66.3625786428
65.30330862715
61.20379609905
60.51595842655
57.79212124345
56.03125680185
49.0840963096
51.2851768616
59.7868504937
58.47995891595
53.19736559115
54.35293288095
58.9339317798
59.69055321955
62.6207417044
62.9784172941
64.4366331598
68.49487542755
84.741601252
84.9892228141
85.9246820487
79.85795377725
55.1645813345
54.4217166482
51.450257903
49.249177351
40.7750172258
40.76126047235
40.67871995165
43.0036112847
52.28941986345
52.70212246695
54.3116626206
56.0725270622
63.1985253493
63.0609578148
62.4831741699
60.804850249
54.3116626206
52.3306901238
44.50309741075
43.8565299986
41.2977738569
42.8385302433
48.8089612406
46.4427996472
36.7855587253
36.2903156011
34.29558635085
33.5939919249
30.85639798835
30.1548035624
27.3759393655
28.0087500242
30.5675061659
26.7981557206
12.00964576185
14.54088839665
24.6521021824
23.56531865985
19.2869683369
19.41077911795
19.9197789956
21.7081569441
28.8341552312
30.26485759
32.3283706075
34.391883625
36.4553966425
39.2067473325
41.5178819121
41.8480439949
43.15493557265
46.6078806886
59.979445042
57.57201318825
48.0385830474
49.3867448855
54.79314899135
54.93071652585
55.4947434173
55.1095543207
53.651338455
53.2111223446
51.4777714099
49.5793394338
42.21947633805
40.719990212
34.92839700955
35.3273428596
36.96439652015
38.8215582359
46.0025835368
45.4523133988
43.29250310715
43.54012466925
44.55812442455
44.25547584865
43.12742206575
44.3517731228
49.1116098165
49.0840963096
48.96028552855
45.122151316
30.25110083655
42.2882601053
88.93741105425
88.7860867663
88.1807896145
87.64427622995
85.4844659383
78.95000804955
53.5963114412
51.5878254375
43.67769220375
60.02071530235
124.5261322294
112.7778647831
67.2154973567
87.0802493385
165.45247374315
159.1106104027
134.1833731513
127.5801314953
101.6348944886
102.52908346285
106.0095420857
102.03384033865
86.392411666
82.1553316034
65.5096599289
65.7847949979
66.84406501355
63.831336008
51.8629605065
49.7719339821
41.6554494466
41.39407113105
40.37607137575
40.84380099305
42.7009627088
42.095665557
39.74326071705
40.7750172258
44.94331352115
43.51261116235
37.84482874095
36.3728561218
30.6500466866
32.39715437475
39.24801759285
38.34007186515
34.7495592147
34.2818295974
32.4384246351
32.6035056765
33.2088028283
33.5939919249
35.1347483113
35.9876670252
39.30304460665
40.59617943095
45.60363768675
45.6999349609
46.0851240575
47.63963719735
53.7613924826
53.96774378435
54.76563548445
56.7328512278
64.5191736805
65.482146422
69.3065238811
68.21974035855
64.01017380285
63.9138765287
63.56995769245
62.7032822251
59.33287762985
59.69055321955
61.09374207145
60.18579634375
56.60904044675
55.3296623759
50.2671771063
51.38147413575
55.72860822595
54.95823003275
51.90423076685
51.3402038754
49.1666368303
47.80471823875
42.4533411467
41.9580980225
40.04590929295
40.8850712534
44.14542182105
41.3528008707
30.52623590555
30.63628993315
31.090262797
31.2553438384
31.87439774365
31.2828573453
28.98547951915
27.9262095035
23.8542104823
24.77591296345
28.3664256139
28.7516147105
30.16856031585
31.07650604355
34.54320791295
37.54218016505
49.1666368303
49.3317178717
49.97828528385
51.38147413575
56.74660798125
56.85666200885
57.29687811925
59.30536412295
66.95411904115
67.3805783981
69.01763205865
67.20174060325
60.18579634375
62.13925533365
69.56790219665
67.88957827575
61.4101474008
62.3456066354
65.96363279275
65.33082213405
62.90963352685
62.2630661147
59.704309973
60.46093141275
63.43239015795
61.91914727845
55.92120277425
54.4217166482
48.6438801992
46.6353941955
38.75277446865
40.169720074
45.52109716605
45.21844859015
44.03536779345
43.40255713475
40.92634151375
40.2522605947
37.6659909461
37.81731523405
38.4363691393
38.89034200315
40.62369293785
42.7559897226
50.88623101155
51.46401465645
53.7063654688
56.3476621312
66.70649747905
67.28428112395
69.48536167595
72.01660431075
81.94898030165
81.6050614654
80.2844131342
78.0007920615
69.18271310005
69.9668480467
73.0208473126
72.97957705225
72.7732257505
73.39227965575
75.81346826295
75.37325215255
73.66741472475
74.76795500075
79.00503506335
75.387008906
61.1625258387
57.76460773655
44.58563793145
44.22796234175
42.8935572571
41.06390904825
33.8691269939
32.89239749895
29.0267497795
25.5050208963
11.81705121355
11.73451069285
11.4181053635
10.90910548585
9.01067350975
7.5937279044
2.10478327785
2.07726977095
1.96721574335
3.06775601935
7.30483608195
6.89213347845
5.3101068317
5.51645813345
6.28683632665
6.9884307526
9.69851118225
9.50591663395
8.7768087011
8.4466466183
7.19478205435
7.93764674065
10.8128082117
11.73451069285
15.33878009675
15.2699963295
14.98110450705
14.4445911225
12.4361051188
12.47737537915
12.66996992745
13.5641589017
17.07213103145
16.57688790725
14.67845593115
13.71548318965
10.02867326505
10.52391638925
12.4361051188
12.83505096885
14.307023588
14.07315877935
13.19272655855
12.91759148955
11.830807967
11.95461874805
12.4361051188
12.33980784465
11.95461874805
10.5651866496
5.15878254375
4.7323231868
3.09526952625
4.4571881178
9.7397814426
10.2625380737
12.2985375843
11.7207539394
9.5196733874
9.4921598805
9.3821058529
9.5747004012
10.30380833405
10.455132622
11.04667302035
11.54191614455
13.49537513445
13.4541048741
13.33029409305
12.58742940675
9.7397814426
10.3450785944
12.6011861602
12.4911321326
12.06467277565
10.7027541841
5.54397164035
6.61699840945
10.68899743065
11.76202419975
16.02661776925
15.33878009675
12.656213174
12.6286996671
12.5461591464
13.2615103258
15.99910426235
15.407563864
13.0689157775
12.931348243
12.42234836535
13.5366453948
17.9938335126
23.29018359085
44.11790831415
42.05439529665
34.2543160905
33.38764062315
30.08601979515
32.0257220316
39.6469634429
39.8120444843
40.4723686499
41.11893606205
43.59515168305
43.3337733675
42.3432871191
44.9845837815
55.15082458105
57.02174305025
64.20276835115
63.3636063907
60.18579634375
61.17628259215
65.00066005125
66.43136241005
71.93406379005
68.65995646895
56.25136485705
52.3031766169
37.0606937943
36.592964177
34.8045862285
33.63526218525
29.15056056055
31.2828573453
39.5369094153
44.4343136435
63.1159848286
68.3160376327
88.3733841628
86.59876296775
79.88546728415
80.7796562584
84.2738716347
81.75638575335
72.1404150918
70.7647397468
65.44087616165
64.1890115977
59.2640938626
57.3106348727
49.81320424245
48.65763695265
44.296746109
49.2216638441
67.9858755499
63.9413900356
48.63012344575
49.2766908579
51.76666323235
55.48098666385
69.65044271735
73.5711174506
88.52470845075
91.9226265529
104.89524505625
117.13875562675
163.77414982225
154.63966553145
119.86259280985
114.38740493675
93.4908964462
90.34059990615
78.31719739085
78.0558190753
77.03781932
73.58487420405
60.4746881662
59.4566884109
55.6047974449
56.91168902265
61.94666078535
61.4926879215
59.7593369868
65.49590317545
87.2453303799
90.6294917286
103.5608399716
110.2741356552
135.8616970722
132.90399508045
121.6372140049
121.6372140049
121.67848426525
124.81502405185
136.7696427999
127.29123967285
89.98292431645
89.0887353422
85.71833074695
84.92043904685
81.9077100413
79.514034941
70.4070641571
68.05465931715
59.11276957465
57.1730673382
49.64812320105
50.9275012719
55.852419007
54.1740950861
47.80471823875
48.74017747335
52.3582036307
52.3031766169
52.1380955755
54.93071652585
65.6197139565
65.13822758575
63.34984963725
61.5202014284
54.5867976896
57.6407969555
69.2514968673
69.34779414145
69.73298323805
71.82400976245
79.77541325655
79.41773766685
78.09708933565
79.5690619548
85.1267903486
83.6135474691
77.87698128045
78.5785757064
81.20611561535
80.87595353255
79.63784572205
79.50027818755
78.97752155645
79.08757558405
79.5415484479
81.23362912225
87.64427622995
89.21254612325
95.196733874
93.0781938427
85.19557411585
84.37016890885
81.26114262915
81.8526830275
84.0537635795
84.04000682605
83.9437095519
83.7511150036
83.02200707075
84.5490067037
90.25805938545
90.58822146825
91.7850590184
93.4908964462
100.08038134875
101.8825160507
108.58205498085
110.56302747765
117.9779175872
119.61497124775
125.94307783475
124.8287808053
120.68799801685
120.3715926875
119.22978215115
119.3535929322
119.80756579605
119.94513333055
120.4541332082
120.55043048235
120.93561957895
125.28275366915
141.5845065074
142.14853339885
144.3083436905
145.82158657
151.5719095121
151.5719095121
151.5719095121
158.2576916888
183.6251450506
181.24522670375
172.33085046815
175.13722817195
185.83998235605
182.53836152805
170.0059591351
169.4006619833
167.1445544175
168.80912158495
175.0684444047
175.54993077545
177.39333573775
176.3340657221
172.33085046815
169.8683916006
160.6513667891
155.29998969705
135.21512966005
133.34421119085
126.38329394515
128.7081852782
137.4299669655
136.2468861688
131.8447250648
130.07010386975
123.54940273445
126.0944021227
135.6140755101
136.42572396365
139.50723673645
139.0257503657
137.292399431
139.14956114675
146.1242351459
144.5559652526
138.7231017898
140.30512843655
146.1242351459
148.58669401345
157.927529606
156.95080011105
153.26399018645
155.3687734643
163.25139319115
163.7879065757
165.8514195932
169.8959051075
185.0558474094
187.10560367345
194.78187209855
190.40722450145
173.5001745114
178.60393004135
198.02846591275
231.5811875773
357.27664384995
375.5043421712
445.0034606006
426.06041109995
354.1538608168
350.23318608355
335.59600041275
338.0309457734
347.4130516263
342.1579718084
322.2381928128
331.88167698125
367.9106142668
358.5560219208
322.88476022495
314.49314062045
282.6462563837
275.7403661518
249.94645343305
243.56331983225
218.9249744033
210.3957872643
178.43884899995
179.0579029052
181.4240644986
180.8737943606
178.82403809655
177.53090327225
172.5922287837
178.19122743785
199.07397917495
204.43911302045
225.15678371615
225.12927020925
225.0329729351
206.7640043535
138.3379126932
140.9516958487
150.92534209995
147.6099645185
135.21512966005
135.93048083945
138.5855342553
140.0712636279
145.72528929585
148.1052076427
157.1571514128
148.3253156979
115.281593911
114.8413778006
113.14929712625
118.6382417528
139.2458584209
142.4099117144
154.2957466952
150.774017812
137.16858864995
137.8976965828
140.6765607797
137.52626423965
125.8192670537
126.2044561503
127.662672016
129.5060769783
136.3844537033
134.14210289095
125.75048328645
128.19918540055
137.4299669655
138.32415593975
141.70831728845
144.5284517457
155.07988164185
153.70420629685
148.58669401345
150.3062881947
156.75820556275
157.25344868695
159.09685364925
155.27247619015
140.9241823418
147.7750455599
173.76155282695
167.65355429515
144.81734356815
145.28507318545
147.0321808736
144.92739759575
137.03102111545
137.03102111545
137.03102111545
136.8521833206
136.12307538775
134.1833731513
126.7822397952
127.0848883711
128.22669890745
122.9303488292
102.83173203875
101.48357020065
96.3798146707
96.3798146707
96.4073281776
92.98189656855
80.16060235315
79.52779169445
77.16163010105
72.89703653155
56.88417551575
56.71909447435
56.11379732255
54.10531131885
46.48406990755
47.17190758005
49.7444204752
72.48433392805
158.8354753337
154.99734112115
140.41518246415
127.3049964263
101.79997553
77.93200829425
76.33622489405
77.35422464935
81.2198723688
84.4389526761
96.4073281776
95.8845715465
93.9861395704
94.30254489975
95.471868943
96.2147336293
98.9660843193
95.87081479305
84.0812770864
85.0992768417
88.93741105425
84.2738716347
66.8853352739
64.94563303745
57.57201318825
56.55401343295
52.67460896005
59.0714993143
82.5130071931
84.8791687865
93.61470722725
96.99886857595
109.4762439551
109.46248720165
109.3937034344
92.8305722806
30.7601007142
41.9856115294
83.3384124001
83.43470967425
83.81989877085
86.24108737805
95.40308517575
97.93432781055
107.37146067725
112.15881087785
130.01507685595
133.67437327365
147.54118075125
144.12950589565
131.514562982
124.70497002425
99.2687328952
97.3152739053
89.9141405492
92.9681398151
104.2211641372
101.0571108437
89.1987893698
91.93638330635
102.19892138005
97.122679357
78.138359596
74.19017135585
59.4566884109
57.77836449
51.6153389444
50.61109594255
46.89677251105
46.95179952485
47.11688056625
45.8375024954
41.1602063224
42.24698984495
46.45655640065
47.00682653865
49.0565828027
49.1666368303
49.5518259269
47.873502006
41.69671970695
45.54861067295
59.71806672645
59.1815533419
57.21433759855
56.6227972002
54.476743662
55.53601367765
59.41541815055
58.45244540905
54.98574353965
53.9539870309
50.074582558
52.01428479445
59.25033710915
57.4757159141
50.96877153225
54.07779781195
65.90860577895
64.78055199605
60.65352596105
63.1434983355
72.3054961332
72.8282527643
74.7817117542
74.2039281093
72.0303610642
69.87055077255
61.97417429225
66.23876786175
82.44422342585
80.5595482032
73.50233368335
71.85152326935
65.757281491
67.14671358945
72.3330096401
71.3975504055
67.958362043
65.5922004496
56.80163499505
56.7053377209
56.36141888465
57.8333915038
63.26730911655
62.180525594
58.1635535866
59.4016613971
63.8588495149
62.02920130605
55.31590562245
55.23336510175
54.9169597724
55.1645813345
56.03125680185
55.70109471905
54.49050041545
56.952959283
66.01865980655
64.106471077
57.2005808451
58.01222929865
61.0524718111
64.06520081665
75.1944143577
75.1944143577
75.1944143577
77.07908958035
83.98497981225
85.11303359515
89.32260015085
94.7840312705
114.8138642937
116.86362055775
124.51237547595
134.16961639785
170.2535806972
170.81760758865
172.85360709925
180.69495656575
209.96932790735
200.0782221768
163.1275824101
174.20176893735
215.55456980805
197.7395740903
133.39923820465
136.39821045675
147.4173699702
153.9380711055
178.7002273155
155.2862329436
70.7922532537
83.4759799346
130.20767140425
127.2774829194
116.4921882146
108.77464952915
80.93098054635
80.7521427515
80.1193320928
71.7552259952
40.9400982672
38.5739366738
30.03099278135
28.57277691565
23.20764307015
25.21612907385
32.6310191834
35.20353207855
44.7094487125
48.2862046095
61.4926879215
74.54784694555
123.3155379258
126.2594831641
137.03102111545
123.6457000086
73.63990121785
82.3204126448
114.2911076626
113.34189167455
109.90270331205
105.77567727705
90.61573497515
83.68233123635
58.12228332625
56.74660798125
51.57406868405
51.4227443961
50.8724742581
48.18990733535
38.14747731685
38.31255835825
38.94536901695
38.7665312221
38.1337205634
37.5834504254
35.56120766825
33.9241540077
27.8711824897
26.86693948785
23.20764307015
23.4139943719
24.19812931855
23.67537268745
21.77694071135
23.04256202875
27.6235609276
24.88596699105
14.8022667122
15.17369905535
16.57688790725
18.4890766368
25.5325344032
26.0552910343
27.96747976385
28.063777038
28.38018236735
29.8521549865
35.25855909235
35.5749644217
36.7580452184
37.4733963978
40.04590929295
40.76126047235
43.3888003813
45.27347560395
52.1656090824
54.60055444305
63.37736314415
58.50747242285
40.3898281292
40.5549091706
41.1602063224
41.72423321385
43.8565299986
43.70520571065
43.196205833
42.90731401055
41.88931425525
40.98136852755
37.693504453
35.75380221655
28.60029042255
29.64580368475
33.5389649111
31.915668004
25.862696486
26.1103180481
26.963236762
31.4479383867
47.96979928015
47.00682653865
43.48509765545
42.0681520501
36.9506397667
39.0416662911
46.64915094895
46.497826661
45.96131327645
40.8025307327
22.10710279415
21.5155623958
19.41077911795
21.61185966995
29.6870739451
27.3759393655
18.91553599375
20.23618432495
24.9547507583
27.8161554759
38.51890966
43.2512328468
60.40590439895
58.23233735385
50.4047446408
47.52958316975
36.9506397667
36.33158586145
34.0892350491
33.33261360935
30.539992659
30.00347927445
28.07753379145
29.09553354675
32.83737048515
33.60774867835
36.4553966425
34.90088350265
29.28812809505
30.4849656452
34.7770727216
32.09450579885
22.1208595476
21.3229678475
18.4615631299
18.5165901437
18.69542793855
18.47531988335
17.67742818325
17.4160498677
16.46683387965
18.6816711851
26.7156151999
26.3304261033
24.9547507583
26.3029125964
31.07650604355
30.80137097455
29.78337121925
32.1357760592
40.6649631982
41.545395419
44.75071897285
44.39304338315
43.09990855885
47.61212369045
63.9689035425
62.455660663
56.9804727899
58.4937156694
63.9689035425
67.55941619295
80.5595482032
77.65687322525
67.17422709635
65.33082213405
58.61752645045
58.328634628
57.24185110545
60.52971518
72.360523147
73.86000927305
79.3764674065
76.63887346995
66.7202542325
67.5731729464
70.72346948645
72.42930691425
78.59233245985
76.94152204585
70.6546857192
72.1404150918
77.588089458
78.4410081719
81.50876419125
81.4124669171
81.09606158775
79.0738188306
71.6451719676
67.75201074125
53.9539870309
56.3201486243
64.9043627771
67.61444320675
77.46427867695
76.41876541475
72.67692847635
75.6071169612
86.24108737805
83.5860339622
73.9563065472
76.88649503205
87.14903310575
85.14054710205
78.04206232185
74.68541448005
62.55195793715
58.878904766
45.54861067295
43.09990855885
34.24055933705
34.59823492675
35.91888325795
35.0246942837
31.79185722295
33.60774867835
40.23850384125
38.0236665358
30.0447495348
31.8881544971
38.47763939965
41.8755575018
54.10531131885
52.01428479445
44.44807039695
41.7655034742
31.9431815109
31.79185722295
31.26910059185
30.3749116176
27.22461507755
27.27964209135
27.4584798862
29.6320469313
37.4733963978
38.3813421255
41.6279359397
38.86282849625
28.87542549155
28.8616687381
28.79288497085
29.0817767933
30.05850628825
30.33364135725
31.32412760565
33.25007308865
40.1146930602
40.23850384125
40.65120644475
40.70623345855
40.9125847603
40.65120644475
39.7295039636
40.0871795533
41.3803143776
42.93482751745
48.6163666923
49.9095015166
54.5042571689
54.8344192517
56.03125680185
54.6693382103
49.7719339821
50.66612295635
53.8439330033
56.9804727899
68.32979438615
62.3731201423
40.84380099305
42.1231790639
46.7179347162
44.2417190952
35.28607259925
35.45115364065
36.02893728555
37.43212613745
42.645935695
40.6649631982
33.49769465075
34.4193971319
37.67974769955
35.5749644217
28.10504729835
29.2743713416
33.4013973766
33.66277569215
34.59823492675
35.67126169585
39.5919364291
37.9136125082
31.92942475745
33.6490189387
39.74326071705
42.2057195846
51.175122834
53.61006819465
62.3180931285
65.44087616165
76.58384645615
78.5785757064
85.8146280211
90.47816744065
107.12383911515
109.07729810505
116.0519721042
116.2720801594
117.0699718595
119.53243072705
128.2679691678
124.1409431328
109.71010876375
106.93124456685
96.86130104145
96.97135506905
97.3703009191
101.4422999403
115.92816132315
116.91864757155
120.4816467151
117.3726204354
106.32594741505
104.59259648035
98.40205742785
98.23697638645
97.63167923465
85.0992768417
40.40358488265
38.1062070565
29.97596576755
48.46504240435
114.13978337465
110.37043292935
96.94384156215
82.47173693275
30.38866837105
29.1368038071
24.72088594965
22.9187512477
16.2879960848
25.16110206005
57.2005808451
58.64503995735
63.81757925455
68.99011855175
87.36914116095
76.00606281125
35.5199374079
36.9231262598
41.80677373455
42.6184221881
45.5348539195
63.04720106135
125.42032120365
122.36632193775
111.71859476745
108.47200095325
96.72373350695
100.38302992465
113.58951323665
106.9174878134
83.2283583725
78.1108460891
59.66303971265
54.9444732793
38.1612340703
38.89034200315
41.4903684052
44.91580001425
57.24185110545
52.27566311
34.29558635085
33.1262623076
28.79288497085
46.53909692135
108.55454147395
106.5322987168
99.33751666245
82.4029531655
22.27218383555
20.8552382302
15.91656374165
15.42132061745
13.68796968275
14.1694560535
15.8752934813
19.24569807655
31.2278303315
30.88391149525
29.6870739451
30.14104680895
31.7230734557
32.9611812662
37.32207210985
37.62472068575
38.6839907014
36.5379371632
28.7791282174
31.8606409902
42.8110167364
43.8840435055
47.7359344715
43.9665840262
30.52623590555
29.3569118623
25.2023723204
25.18861556695
25.13358855315
27.9262095035
37.9961530289
47.19942108695
79.8441970238
76.5700897027
64.94563303745
65.8398220117
69.10017257935
63.73503873385
44.69569195905
44.2692326021
42.7559897226
40.70623345855
33.08499204725
35.61623468205
44.7644757263
41.6279359397
30.36115486415
28.93045250535
23.67537268745
21.5705894096
14.10067228625
16.21921231755
23.64785918055
22.7811837132
19.71342769385
21.5705894096
28.16007431215
26.3304261033
19.9472925025
21.41926512165
26.61931792575
30.03099278135
42.21947633805
44.14542182105
50.9825282857
58.42493190215
84.97546606065
82.69184498795
74.41027941105
68.0133890568
45.30098911085
41.91682776215
29.8246414796
29.15056056055
26.7431287068
31.13153305735
46.6629077024
62.24930936125
117.5652149837
113.630783497
99.8465165401
96.83378753455
85.9797090625
81.2198723688
64.6017142012
60.3371206317
45.3697728781
44.7644757263
42.5909086812
49.53806917345
74.5065766852
67.9308485361
44.17293532795
51.54655517715
77.7256569925
76.96903555275
74.30022538345
72.1679285987
64.4916601736
60.1170125765
44.58563793145
42.98985453125
37.34958561675
43.78774623135
66.3350651359
65.41336265475
62.16676884055
76.5976032096
127.86902331775
119.94513333055
92.2252751288
88.3733841628
74.87800902835
88.7860867663
137.55377774655
124.12718637935
76.4600356751
75.0018198094
69.884307526
68.1234430844
61.8503635112
62.4831741699
64.7667952426
68.2610106189
80.51827794285
97.49411170015
157.0195838783
155.79523282125
151.44809873105
141.0617498763
104.20740738375
96.91632805525
71.05363156925
65.7297679841
46.75920497655
62.93714703375
120.3715926875
110.75562202595
76.0198195647
72.360523147
59.36039113675
61.2175528525
67.8207945085
66.76152449285
63.01968755445
59.7868504937
48.46504240435
46.3877726334
38.91785551005
38.6564771945
37.693504453
47.61212369045
82.265385631
84.53524995025
92.720518253
100.08038134875
125.8742940675
120.784295291
102.63913749045
96.0771660948
72.34676639355
81.75638575335
114.7588372799
110.0265140931
93.47713969275
91.08346459245
82.58179096035
81.39871016365
77.2304138683
76.1849006061
72.56687444875
85.4294389245
131.1293738854
131.239427913
131.61086025615
121.48588971695
86.117276597
83.21460161905
72.86952302465
78.6336027202
99.0761383469
95.471868943
82.8706827828
79.80292676345
68.71498348275
66.32130838245
57.6407969555
56.0450135553
50.4047446408
47.2957183611
36.22153183385
38.4088556324
46.0576105506
56.88417551575
95.18297712055
93.91735580315
89.51519469915
89.2538163836
88.30460039555
86.70881699535
81.04103457395
73.08963107985
45.7824754816
61.079985318
114.731323773
102.4052726818
59.33287762985
63.54244418555
78.4960351857
81.75638575335
93.1882478703
97.2877603984
111.66356775365
109.29740616025
101.1671648713
94.3163016532
69.92557778635
62.13925533365
34.81834298195
33.0987488007
27.19710157065
28.51774990185
33.2088028283
33.4289108835
34.18553232325
32.42466788165
26.2478855826
28.98547951915
38.6839907014
39.63320668945
42.9485842709
39.619449936
27.9812365173
29.9346955072
36.96439652015
34.65326194055
26.5505341585
26.9357232551
28.3113986001
26.67434493955
20.910265244
20.5801031612
19.41077911795
19.24569807655
18.64040092475
18.17267130745
16.5906446607
16.52186089345
16.2879960848
26.1103180481
61.0249583042
68.02714581025
92.4728966909
88.82735702665
75.86849527675
71.2874963779
55.23336510175
54.82066249825
53.376203386
53.41747364635
53.55504118085
52.94974402905
50.7899337374
48.27244785605
39.5644229222
40.12844981365
42.08190880355
40.169720074
33.47018114385
33.74531621285
34.68077544745
44.4618271504
78.75741350125
75.37325215255
63.48741717175
63.84509276145
65.1244708323
62.93714703375
55.17833808795
54.9719867862
54.2291220999
53.14233857735
49.2766908579
48.974042282
47.91477226635
48.46504240435
50.3772311339
48.43752889745
41.64169269315
37.98239627545
25.1473453066
24.76215621
23.386480865
25.4775073894
32.80985697825
32.91991100585
33.30510010245
37.78980172715
53.27990611185
54.6693382103
59.60801269885
63.1710118424
75.42827916635
74.60287395935
71.7827395021
67.99963230335
54.8069057448
51.68412271165
40.92634151375
40.43109838955
38.67023394795
40.04590929295
44.847016247
43.65017869685
39.5369094153
37.8860990013
32.2183165799
35.91888325795
48.65763695265
49.78569073555
53.66509520845
59.9519315351
81.92146679475
77.90449478735
63.6387414597
66.0049030531
74.2314416162
67.5456594395
43.81525973825
