"Value"
18.83299547305
18.3515091023
19.43829262485
24.1568590582
23.23515657705
19.2869683369
20.07110328355
23.42775112535
22.4235081235
18.11764429365
19.0668602817
23.1938863167
24.5970751686
30.63628993315
31.54423566085
35.4098833803
37.76228822025
48.02482629395
47.33698862145
44.3517731228
44.2417190952
43.8290164917
45.93379976955
55.15082458105
56.00374329495
59.60801269885
57.503229421
48.13488032155
47.50206966285
44.7369622194
45.2322053436
47.33698862145
45.98882678335
40.23850384125
41.3252873638
46.0851240575
45.8650160023
44.94331352115
45.0396107953
45.46607015225
46.77296173
52.50952791865
53.19736559115
56.08628381565
54.6693382103
48.5613396785
51.0100417926
61.6577689629
61.1625258387
58.9614452867
57.8058779969
52.72963597385
52.6058251928
52.04179830135
53.1560953308
57.95720228485
59.5392289316
66.3350651359
64.6292277081
57.21433759855
55.97622978805
50.69363646325
53.25239260495
64.4366331598
64.06520081665
62.49693092335
63.45990366485
67.5731729464
67.2980378774
66.0874435738
65.0694438185
60.7223097283
60.6122557007
60.1170125765
57.9984725452
48.90525851475
48.35498837675
45.98882678335
44.77823247975
39.46812564805
39.6744769498
40.5549091706
39.93585526535
37.2532883426
38.4363691393
43.62266518995
46.01634029025
56.33390537775
54.2291220999
45.13590806945
44.47558390385
41.6279359397
42.13693581735
44.28298935555
43.0861518054
37.92736926165
37.81731523405
37.3358288633
36.63423443735
33.6215054318
33.5389649111
33.1262623076
34.02045128185
37.8310719875
37.5834504254
36.4829101494
39.2892878532
51.38147413575
51.3952308892
51.43650114955
52.5232846721
57.228094352
55.59104069145
48.49255591125
47.4883129094
43.1686923261
44.75071897285
51.54655517715
52.59206843935
57.0630133106
54.21536534645
41.9856115294
41.3528008707
38.6289636876
38.03742328925
35.492423901
39.00039603075
53.8164194964
54.0090140447
54.8619327586
55.20585159485
56.7053377209
55.8799325139
52.4407441514
54.8069057448
64.80806550295
64.2165251046
61.630255456
61.4926879215
60.8873907697
58.86514801255
50.14336632525
48.38250188365
40.6374496913
39.7295039636
35.78131572345
34.5294511595
29.1918308209
30.9251817556
38.5464231669
39.1242068118
41.61417918625
40.29353085505
34.68077544745
37.4733963978
49.4967989131
51.0375552995
57.77836449
58.92017502635
63.7212819804
65.0694438185
70.91606403475
70.5996587054
69.2514968673
69.26525362075
69.32028063455
67.6006864533
60.254580111
61.2450663594
65.46838966855
65.35833564095
64.8768492702
67.6006864533
79.3489538996
81.9077100413
93.11946410305
93.64222073415
95.9120850534
95.6369499844
94.49513944805
94.08243684455
92.2527886357
94.19249087215
102.55659696975
101.4973269541
96.97135506905
95.747004012
90.45065393375
90.5744647148
91.13849160625
89.04746508185
80.0367915721
78.2484136236
70.36579389675
72.4155501608
81.06854808085
80.2018726135
76.41876541475
74.49281993175
66.1699840945
65.16574109265
60.8598772628
60.2820936179
57.81963475035
58.6587967108
62.2630661147
64.5742006943
74.32773889035
74.96054954905
77.6981434856
73.9563065472
70.2419831157
66.51390293075
62.38687689575
59.0439858074
55.31590562245
51.5878254375
47.85974525255
45.672421454
44.1316650676
48.07985330775
52.01428479445
57.5307429279
63.0609578148
63.28106587
63.21228210275
59.154039835
54.4217166482
53.5687979343
49.42801514585
44.94331352115
23.661615934
22.0933460407
14.5546451501
13.9493479983
11.12921354105
10.5651866496
7.8688629734
7.96516024755
8.4191331114
8.4191331114
8.46040337175
8.5842141528
9.23078156495
9.4371328667
10.46888937545
10.8403217186
12.55991589985
12.36732135155
11.40434861005
10.6752406772
7.24980906815
7.27732257505
7.428646863
7.6487549182
8.7492951942
9.28580857875
11.84456472045
11.87207822735
12.0234025153
11.67948367905
10.00115975815
10.24878132025
11.40434861005
13.22024006545
21.8182109717
20.62137342155
20.084860037
19.6721574335
19.25945483
18.8467522265
18.434049623
18.0213470195
17.608644416
17.1959418125
16.783239209
16.3705366055
15.8202664675
15.36629360365
15.14618554845
15.2699963295
15.957834002
16.3980501124
18.44780637645
18.44780637645
18.44780637645
17.62240116945
13.6466994224
12.97261850335
9.7122679357
10.13872729265
12.2159970636
12.7112401878
15.06364502775
15.132428795
15.47634763125
16.68694193485
22.38223786315
22.9737782615
25.82142622565
27.2108583241
33.82785673355
34.68077544745
38.7115042083
40.01839578605
46.40152938685
47.2131778404
51.16136608055
49.8544745028
43.65017869685
40.37607137575
24.58331841515
24.5970751686
24.61083192205
24.06056178405
21.5155623958
22.05207578035
24.63834542895
24.08807529095
21.4880488889
23.09758904255
30.66380344005
30.7050737004
30.9251817556
34.24055933705
47.2131778404
47.3782588818
48.07985330775
48.52006941815
50.2396635994
49.40050163895
46.0576105506
47.4332858956
52.83969000145
53.30741961875
55.15082458105
53.7613924826
48.32747486985
46.0300970437
36.99191002705
36.46915339595
34.4193971319
34.43315388535
34.48818089915
34.76331596815
35.9326400114
36.38661287525
38.17499082375
37.7210179599
35.8776129976
39.7845309774
55.1645813345
55.83866225355
58.4662021625
58.03974280555
56.3476621312
57.8333915038
63.62498470625
61.01120155075
50.72114997015
47.0205832921
32.7135597041
33.11250555415
34.6945322009
33.3188568559
27.77488521555
27.5685339138
26.7431287068
27.60980417415
30.9251817556
29.0542632864
21.69440019065
25.0097777721
38.47763939965
41.3803143776
53.2661493584
52.34444687725
48.4512856509
47.7909614853
45.0120972884
47.4057723887
57.15931058475
55.3846893897
47.873502006
48.9190152682
53.27990611185
52.6608522066
50.17087983215
48.16239382845
39.85331474465
38.94536901695
35.1897753251
35.5749644217
37.1157208081
37.143234315
37.21201808225
37.34958561675
37.98239627545
38.80780148245
42.13693581735
45.24596209705
58.09476981935
57.51698617445
55.15082458105
53.2936628653
45.6999349609
45.7274484678
45.8375024954
45.10839456255
42.1231790639
39.344314867
28.0087500242
26.15158830845
18.3790226092
20.910265244
31.4204248798
30.60877642625
27.33466910515
28.4764796415
33.0987488007
34.9696672699
43.23747609335
45.2597188505
54.13282482575
55.04077055345
59.0990128212
59.5117154247
61.36887714045
59.8418775075
53.14233857735
52.04179830135
47.2682048542
46.3052321127
41.9030710087
41.17396307585
38.00990978235
37.7760449737
36.68926145115
36.6755046977
36.63423443735
35.36861311995
29.7696144658
30.5675061659
34.0617215422
37.32207210985
51.6428524513
51.10633906675
48.82271799405
48.57509643195
47.5433399232
48.148637075
50.7899337374
49.0015557889
41.1051793086
40.40358488265
37.26704509605
37.1157208081
36.38661287525
34.87336999575
28.2838850932
26.59180441885
19.16315755585
18.91553599375
17.78748221085
17.5811309091
16.63191492105
16.9208067435
18.11764429365
21.69440019065
37.7760449737
40.9400982672
55.0545273069
55.4672299104
57.37941863995
54.5592841827
41.9030710087
41.64169269315
40.51363891025
39.99088227915
37.56969367195
36.3453426149
30.71883045385
31.54423566085
35.25855909235
34.62574843365
31.7505869626
31.0627492901
27.9812365173
26.50926389815
19.93353574905
21.74942720445
30.0447495348
31.5304789074
38.23001783755
38.7665312221
41.14644956895
43.04488154505
51.8079334927
57.65455370895
83.79238526395
77.38173815625
48.87774500785
50.94125802535
60.3921476455
55.94871628115
36.0702075459
35.28607259925
31.79185722295
31.4754518936
30.0447495348
29.75585771235
28.4764796415
27.80239872245
24.77591296345
25.8351829791
30.55374941245
33.7865864732
48.52006941815
55.2471218552
85.33314165035
82.80189901555
71.0673883227
69.59541570355
62.8958767734
61.6577689629
56.0725270622
54.54552742925
47.50206966285
46.04385379715
39.2617743463
40.43109838955
45.79623223505
44.9570702746
41.11893606205
40.5273956637
37.87234224785
38.6289636876
42.0681520501
42.24698984495
43.15493557265
43.01736803815
42.4533411467
44.66817845215
54.76563548445
55.5497704311
59.2640938626
59.5392289316
60.804850249
59.77309374025
57.77836449
56.11379732255
60.9424177835
55.0270138
49.52431242
44.02161104
40.1972335809
39.3168013601
34.73580246125
36.05645079245
43.09990855885
43.196205833
43.6914489572
43.67769220375
43.6089084365
46.86925900415
63.9964170494
65.6747409703
74.3139821369
75.20817111115
79.80292676345
78.39973791155
71.16368559685
71.0398748158
70.4070641571
70.1044155812
68.5636591948
66.3350651359
54.3942031413
54.0365275516
52.1931225893
51.60158219095
48.60260993885
48.32747486985
46.9380427714
48.54758292505
56.7878782416
56.2100945967
53.2661493584
57.3931753934
79.06006207715
76.7901977579
65.1244708323
72.3330096401
108.49951446015
107.1926228824
100.32800291085
103.9185155613
122.3250516774
119.47740371325
105.1291098649
99.2137058814
68.1509565913
66.37633539625
57.228094352
57.3931753934
58.1635535866
57.18682409165
51.9730145341
54.35293288095
66.5276596842
67.4631189188
72.2504691194
73.7086849851
81.1923588619
81.2748993826
81.6876019861
80.54579144975
74.8092252611
74.0938740817
70.434577664
70.3245236364
69.73298323805
67.7657674947
57.90217527105
56.4302026519
48.49255591125
48.21742084225
46.73169146965
48.2036640888
55.59104069145
54.4217166482
48.29996136295
51.16136608055
65.8123085048
62.99217404755
48.8089612406
50.2396635994
57.6958239693
57.90217527105
58.9614452867
59.979445042
65.08320057195
66.10120032725
71.24622611755
70.00811830705
63.6662549666
69.54038868975
99.08989510035
95.7194905051
78.7986837616
73.80498225925
48.16239382845
48.76769098025
51.8079334927
51.450257903
51.27142010815
50.91374451845
49.07033955615
48.7539342268
47.0756103059
52.20687934275
78.5510621995
78.6336027202
79.0738188306
78.7986837616
77.3404678959
76.2399276199
70.7372262399
72.78698250395
83.35216915355
83.51725019495
84.4114391692
82.44422342585
72.1679285987
70.2419831157
60.5022016731
58.89266151945
50.6798797098
49.45552865275
43.0861518054
40.2522605947
25.6425884308
26.34418285675
29.92093875375
31.7781004695
41.2977738569
42.90731401055
51.1476093271
51.2301498478
51.6978794651
50.47352840805
44.1316650676
44.1866920814
44.5168541642
44.9295567677
47.11688056625
49.70315021485
62.88212001995
62.455660663
60.29585037135
59.00271554705
52.3582036307
52.28941986345
51.93174427375
52.825933248
57.2831213658
57.90217527105
61.09374207145
62.4831741699
69.81552375875
69.34779414145
67.0229028084
66.0049030531
60.8323637559
60.1995530972
56.96671603645
56.88417551575
56.5127431726
56.85666200885
58.5212291763
59.2090668488
62.7583092389
63.12974158205
65.08320057195
63.92763328215
57.9984725452
58.878904766
63.26730911655
62.7858227458
60.37839089205
60.9699312904
64.0514440632
64.4641466667
66.6377137118
67.8207945085
73.72244173855
73.97006330065
75.2494413715
75.37325215255
75.9923060578
76.3224681406
78.04206232185
78.53730544605
81.09606158775
75.0568468232
44.1316650676
44.7094487125
47.66715070425
44.9845837815
31.18656007115
31.640532935
33.93791076115
34.48818089915
37.2532883426
37.95488276855
41.4078278845
42.7284762157
49.45552865275
50.7349067236
57.228094352
58.1360400797
62.7032822251
61.80909325085
57.32439162615
56.3201486243
51.2026363409
52.70212246695
60.43341790585
59.30536412295
53.50001416705
52.12433882205
45.08088105565
45.24596209705
46.0300970437
46.04385379715
46.12639431785
46.0300970437
45.5898809333
44.58563793145
39.55066616875
38.89034200315
35.5474509148
35.9051265045
37.70726120645
37.62472068575
37.26704509605
37.51466665815
38.78028797555
37.4458828909
30.63628993315
29.8521549865
25.9177234998
25.95899376015
26.1653450619
25.7526424584
23.6891294409
22.6986431925
17.6636714298
17.37477960735
15.86153672785
16.02661776925
16.82450946935
18.06261727985
24.4319941272
24.74839945655
26.2753990895
24.06056178405
13.00013201025
13.1239427913
13.75675345
13.44034812065
11.830807967
11.3080513359
8.6942681804
8.62548441315
8.29532233035
8.13024128895
7.2910793285
7.8688629734
10.77153795135
10.57894340305
9.6572409219
9.1619977977
6.6857821767
7.24980906815
10.2075110599
10.7852947048
13.7017264362
13.8668074776
14.6371856708
16.5906446607
26.56429091195
28.5039931484
38.243774591
38.6289636876
40.5549091706
39.96336877225
36.9781532736
35.0797212975
25.5600479101
28.5590201622
44.2692326021
33.01620828
21.9007514924
22.7536702063
27.0732907896
27.44472313275
29.31564160195
31.15904656425
40.21099033435
39.1242068118
33.8140999801
34.37812687155
37.26704509605
39.2892878532
49.249177351
50.11585281835
54.4492301551
48.8639882544
20.89650849055
20.23618432495
16.8932932366
16.16418530375
12.4085916119
12.1334565429
10.71651093755
10.44137586855
9.0244302632
9.2720518253
10.46888937545
11.1704838014
14.6646991777
14.73348294495
15.11867204155
15.00861801395
14.4170776156
14.70596943805
16.1779420572
18.33775234885
29.4119388761
29.5770199175
30.4574521383
30.815127728
32.6035056765
31.48920864705
25.90396674635
27.0457772827
32.6310191834
30.7601007142
21.3229678475
23.1938863167
32.5759921696
34.21304583015
42.27450335185
41.77926022765
39.27553109975
41.28401710345
51.54655517715
52.17936583585
55.39844614315
54.1465815792
47.9285290198
48.423772144
50.9275012719
49.64812320105
43.23747609335
42.4533411467
38.51890966
38.7115042083
39.619449936
41.6004224328
51.725392972
50.41850139425
43.59515168305
41.94434126905
33.6490189387
32.5759921696
27.19710157065
26.37169636365
22.2034000683
21.33672460095
16.9208067435
17.20969856595
18.6541576782
22.54731890455
41.80677373455
40.8025307327
35.8776129976
39.894585005
60.04822880925
58.6312832039
51.51904167025
57.32439162615
86.4474386798
80.79341301185
52.39947389105
48.7264207199
30.2098305762
28.7516147105
21.5705894096
20.86899498365
17.40229311425
18.2414550747
22.4235081235
23.6065889202
29.5495064106
28.3113986001
22.07958928725
24.41823737375
36.1252345597
41.5178819121
68.08217282405
67.3255513843
63.45990366485
60.40590439895
45.3147458643
44.86077300045
42.63217894155
41.7930169811
37.6659909461
39.00039603075
45.8099889885
44.58563793145
38.56017992035
36.7030182046
27.1833448172
27.0457772827
26.3029125964
25.21612907385
19.6721574335
19.5621034059
18.97056300755
20.20867081805
26.26164233605
35.76755897
46.77296173
56.402689145
67.408091905
77.03781932
89.2813298905
86.942681804
75.2219278646
73.1584148471
62.99217404755
55.78363523975
20.9928057647
20.3875086129
17.3059958401
17.0858877849
15.9303204951
16.3705366055
18.4615631299
18.09013078675
16.232969071
15.86153672785
14.01813176555
14.43083436905
16.3705366055
18.72294144545
30.3749116176
33.16753256795
46.9380427714
44.00785428655
29.78337121925
29.1918308209
26.23412882915
25.62883167735
22.5885891649
21.460535382
15.9303204951
16.9208067435
21.77694071135
21.2404273268
18.5991306644
18.8192387196
19.8647519818
19.68591418695
18.7366981989
18.69542793855
18.44780637645
18.86050897995
20.9928057647
24.0468050306
39.08293655145
41.545395419
53.66509520845
53.4587439067
52.42698739795
51.5327984237
47.1031238128
53.5687979343
84.7691147589
77.1753868545
39.68823370325
38.8215582359
34.5019376526
34.32309985775
33.3738838697
32.6860461972
29.2468578347
29.8246414796
32.6860461972
33.63526218525
38.20250433065
41.5729089259
58.1910670935
58.4662021625
59.8143640006
59.91066127475
60.35087738515
58.2460941073
47.85974525255
46.7454482231
41.25650359655
41.2977738569
41.50412515865
41.61417918625
42.1506925708
40.67871995165
33.44266763695
34.48818089915
39.74326071705
42.43958439325
55.7698784863
57.21433759855
64.381606146
59.77309374025
37.04693704085
39.49563915495
51.5327984237
48.3412316233
32.94742451275
38.45012589275
66.0599300669
66.18374084795
66.8303082601
64.0239305563
50.5147986684
47.323231868
31.32412760565
32.7135597041
39.7019904567
40.2247470878
42.7559897226
41.9305845156
37.76228822025
37.54218016505
36.4553966425
36.042694039
34.0892350491
34.0892350491
34.04796478875
37.51466665815
54.9444732793
54.2841491137
51.02379854605
50.3772311339
47.1581508266
47.8459884991
51.21639309435
49.51055566655
41.11893606205
40.8850712534
39.77077422395
38.45012589275
31.81937072985
31.3378843591
28.93045250535
28.1738310656
24.41823737375
24.41823737375
24.41823737375
23.9642645099
21.72191369755
21.96953525965
23.1938863167
23.73039970125
26.34418285675
25.76639921185
22.93250800115
24.06056178405
29.6870739451
31.76434371605
41.7379899673
40.719990212
35.8225859838
35.492423901
33.88288374735
33.38764062315
30.9802087694
30.0172360279
25.3949668687
27.16958806375
36.042694039
36.9506397667
41.3803143776
39.5919364291
30.7601007142
32.9336677593
43.6089084365
42.7835032295
38.75277446865
37.29455860295
30.0997765486
27.9812365173
17.7737254574
19.6171304197
28.68283094325
27.1558313103
19.74094120075
19.54834665245
18.6541576782
17.9112929919
14.2244830673
13.3990778603
9.3821058529
9.0519437701
7.44240361645
7.93764674065
10.41386236165
10.0424300185
8.26780882345
6.9334037388
6.052971518
5.227566311
4.5397286385
5.777836449
11.81705121355
11.62445666525
10.63397041685
9.7397814426
5.29635007825
5.4476743662
6.1905390525
7.41489010955
13.5641589017
13.6191859155
13.88056423105
13.13769954475
9.629727415
9.34083559255
7.93764674065
8.0339440148
8.5016736321
8.3365925907
7.60748465785
7.153511794
4.91116098165
5.04872851615
5.6677824214
6.052971518
7.8688629734
7.8688629734
7.8963764803
7.6212414113
6.328106587
6.36937684735
6.61699840945
6.61699840945
6.64451191635
6.50694438185
5.8328634628
5.8878904766
6.2180525594
5.70905268175
3.2190803073
2.43494536065
0
0
0
0.0825405207
4.30586382985
4.5672421454
5.76407969555
5.62651216105
4.91116098165
5.3101068317
7.22229556125
7.9514034941
11.37683510315
11.8583214739
14.21072631385
13.88056423105
12.25726732395
12.5736726533
14.0594020259
14.307023588
15.53137464505
15.0223747674
12.50488888605
12.80753746195
14.2795100811
14.5546451501
15.9028069882
15.66894217955
14.5546451501
16.3430230986
24.99602101865
26.17910181535
31.92942475745
32.7135597041
36.49666690285
35.8225859838
32.56223541615
32.3558841144
31.365397866
31.21407357805
30.49872239865
30.55374941245
30.8426412349
29.5495064106
23.1938863167
23.936751003
27.4584798862
26.34418285675
20.97904901125
20.86899498365
20.3324815991
21.185400313
25.16110206005
25.7526424584
28.57277691565
29.75585771235
35.45115364065
38.89034200315
55.39844614315
55.9074460208
58.36990488835
61.03871505765
73.94254979375
70.91606403475
56.5402566795
52.9359872756
34.8596132423
34.3643701181
31.95693826435
31.70931670225
30.5124791521
29.1092903002
22.24467032865
23.04256202875
26.92196650165
27.38969611895
29.6870739451
31.915668004
42.8935572571
45.5898809333
58.56249943665
55.04077055345
37.7210179599
39.069179798
45.41104313845
44.847016247
42.1231790639
41.58666567935
38.91785551005
37.0606937943
27.88493924315
28.614047176
32.0257220316
31.3929113729
28.338912107
30.7876142211
42.5909086812
40.65120644475
31.48920864705
36.8405857391
62.77206599235
62.0429580595
58.47995891595
56.60904044675
47.77720473185
54.07779781195
84.01249331915
96.0496525879
155.07988164185
154.0481251331
149.2332614256
140.594020259
99.6539219918
94.2612746394
67.77952424815
65.0144168047
51.6703659582
49.89574476315
41.4903684052
40.9400982672
38.2988016048
39.05542304455
42.68720595535
41.4628548983
35.6024779286
39.13796356525
56.2100945967
59.33287762985
74.4515496714
74.82298201455
76.55633294925
74.79546850765
66.26628136865
64.0789575701
53.5137709205
52.45450090485
47.4332858956
45.5623674264
36.5654506701
41.88931425525
67.6281999602
62.52444443025
38.34007186515
44.77823247975
75.20817111115
74.71292798695
72.37427990045
70.5996587054
62.180525594
62.96466054065
66.76152449285
71.2324693641
92.445383184
91.52368070285
87.01146557125
86.8051142695
85.80087126765
84.94795255375
80.95849405325
76.99654905965
57.92968877795
57.70958072275
56.66406746055
54.24287885335
42.7559897226
39.66072019635
24.80342647035
25.4224803756
28.43520938115
29.81088472615
36.4003696287
35.86385624415
33.27758659555
37.26704509605
56.9254457761
59.22282360225
70.159442595
72.95206354535
86.1723036108
84.0812770864
74.02509031445
73.0758743264
68.5361456879
67.09168657565
60.40590439895
59.7593369868
56.55401343295
53.25239260495
37.6109639323
38.09245030305
40.3623146223
40.34855786885
40.26601734815
39.22050408595
34.1442620629
33.88288374735
32.6310191834
32.56223541615
32.25958684025
31.51672215395
27.93996625695
28.21510132595
29.56326316405
30.88391149525
37.12947756155
41.72423321385
63.51493067865
62.9784172941
60.3646341386
61.1074988249
64.67049796845
63.73503873385
59.2640938626
58.45244540905
54.54552742925
51.4227443961
36.60672093045
35.492423901
30.3473981107
34.4193971319
53.7613924826
55.17833808795
61.9604175388
63.7763089942
72.20919885905
69.56790219665
56.60904044675
57.3381483796
60.81860700245
61.3826338939
64.01017380285
60.4196611524
43.37504362785
42.96234102435
40.92634151375
41.64169269315
45.02585404185
43.5263679158
36.30407235455
36.2077750804
35.80882923035
34.0342080353
25.4775073894
25.9177234998
28.0912905449
26.2753990895
17.7186984436
18.4065361161
21.7081569441
22.24467032865
24.80342647035
25.27115608765
27.4859933931
28.5315066553
33.44266763695
33.80034322665
35.47866714755
35.9051265045
37.8860990013
38.6014501807
41.91682776215
42.370800626
44.50309741075
44.22796234175
42.96234102435
44.09039480725
49.45552865275
51.40898764265
60.65352596105
61.31385012665
64.45038991325
65.9223625324
73.0483608195
73.2134418609
73.97006330065
73.61238771095
71.96157729695
72.1404150918
72.95206354535
71.87903677625
66.7202542325
64.67049796845
54.82066249825
55.39844614315
58.0810130659
57.3381483796
53.85768975675
51.38147413575
39.46812564805
39.7295039636
40.9400982672
39.7295039636
34.0066945284
34.32309985775
35.8500994907
34.8320997354
30.0172360279
33.11250555415
47.44704264905
46.59412393515
42.63217894155
42.1231790639
39.68823370325
42.921070764
58.2185806004
54.51801392235
37.3358288633
37.23953158915
36.7580452184
36.1252345597
33.2088028283
32.0532355385
26.48175039125
26.97699351545
29.39818212265
38.9591257704
84.1363041002
84.56276345715
86.59876296775
84.0537635795
71.9753340504
74.3139821369
85.5945199659
81.5775479585
62.9233902803
59.38790464365
42.74223296915
43.2512328468
45.7274484678
43.67769220375
33.96542426805
34.43315388535
36.63423443735
35.28607259925
28.98547951915
27.71985820175
21.80445421825
21.63937317685
20.910265244
20.5250761474
18.77796845925
24.6245886755
52.2206360962
50.9275012719
44.7919892332
50.08833931145
75.67590072845
72.01660431075
54.46298690855
54.18785183955
52.97725753595
62.13925533365
105.44551519425
110.4667302035
133.78442730125
121.21075464795
61.5752284422
67.00914605495
92.23903188225
98.6084087296
128.25421241435
126.71345602795
119.408619946
117.71653927165
109.68259525685
107.01378508755
94.921598805
94.0136530773
89.70778924745
96.47611194485
127.95156383845
121.34832218245
90.6570052355
93.14697760995
104.95027207005
102.14389436625
89.10249209565
84.31514189505
61.56147168875
59.55298568505
50.28093385975
49.7444204752
47.19942108695
45.87877275575
39.7845309774
38.9316122635
34.84585648885
35.56120766825
38.9591257704
40.01839578605
45.0120972884
45.5073404126
47.80471823875
56.69158096745
98.01686833125
101.92378631105
120.4816467151
120.08270086505
118.2805661631
118.5281877252
119.64248475465
119.91761982365
121.1969978945
117.482674463
100.1766786229
101.7449485162
108.8709468033
109.29740616025
111.3746759312
110.8244057932
108.2106226377
109.15983862575
113.53448622285
117.9504040803
139.2458584209
138.4479667208
134.69237302895
133.4955354788
127.937807085
129.6436445128
137.55377774655
137.55377774655
137.55377774655
140.22258791585
152.8650443364
150.29253144125
138.07653437765
133.97702184955
114.6212697454
109.60005473615
86.24108737805
83.48973668805
70.5171181847
66.21125435485
46.5803671817
44.88828650735
36.90936950635
38.4088556324
45.41104313845
45.85125924885
47.85974525255
48.02482629395
48.8089612406
55.4397164035
86.24108737805
95.2517608878
136.26064292225
132.1198601338
112.15881087785
106.5047852099
79.80292676345
73.1584148471
42.9760977778
43.34753012095
45.13590806945
44.6819352056
42.49461140705
41.820530488
38.7390177152
44.22796234175
70.1319290881
81.23362912225
132.87648157355
130.1939146508
117.7027825182
112.37891893305
87.23157362645
82.49925043965
60.59849894725
62.57947144405
71.7827395021
68.5361456879
53.41747364635
52.56455493245
48.63012344575
43.8015029848
21.4055083682
21.9007514924
24.1843725651
31.3103708522
63.831336008
62.24930936125
54.90320301895
52.9084737687
43.4988544089
41.545395419
32.67228944375
37.2808018495
59.0164723005
63.51493067865
84.8241417727
94.6189502291
140.0162366141
133.9082380823
105.61059623565
101.12589461095
80.2568996273
76.6251167165
59.49795867125
57.8609050107
50.41850139425
46.2502050989
26.8806962413
28.16007431215
34.24055933705
33.58023517145
30.5124791521
46.0576105506
116.78108003705
110.26037890175
80.07806183245
79.61033221515
77.46427867695
73.61238771095
56.05877030875
57.0079862968
61.39639064735
56.1825810898
31.95693826435
30.91142500215
26.04153428085
33.4564243904
69.1689563466
67.7107404809
60.804850249
57.6407969555
43.23747609335
40.4723686499
27.85742573625
26.28915584295
18.91553599375
19.02559002135
19.52083314555
23.53780515295
42.1506925708
42.43958439325
43.8015029848
41.7655034742
32.3008571006
35.86385624415
52.09682531515
53.9815005378
62.7583092389
57.6132834486
33.27758659555
33.77282971975
36.0702075459
36.82682898565
40.3898281292
37.81731523405
25.9177234998
27.38969611895
34.10299180255
34.0066945284
33.55272166455
33.8966405008
35.50618065445
38.51890966
52.2481496031
53.8989600171
61.4376609077
60.68103946795
57.13179707785
60.04822880925
73.3785229023
71.46633417275
62.71703897855
61.75406623705
57.29687811925
56.3201486243
51.71163621855
50.25342035285
43.4988544089
41.9030710087
34.5844781733
38.0511800427
53.77514923605
55.3571758828
62.71703897855
61.72655273015
57.228094352
56.7603647347
54.6143111965
51.4777714099
36.63423443735
38.45012589275
46.8279887438
47.25444810075
49.2216638441
49.51055566655
50.8174472443
48.4787991578
37.65223419265
37.78980172715
38.45012589275
37.0606937943
30.5950196728
30.77385746765
31.65428968845
30.88391149525
27.4859933931
29.0267497795
36.1527480666
37.4733963978
43.51261116235
46.51158341445
59.91066127475
58.6587967108
52.75714948075
52.1105820686
49.15288007685
50.1846365856
54.90320301895
53.74763572915
48.49255591125
47.1306373197
40.84380099305
40.5824226775
39.344314867
37.21201808225
27.4584798862
27.16958806375
25.8076694722
23.97802126335
15.5726449054
16.08164478305
18.36526585575
18.86050897995
21.08910303885
19.5621034059
12.44986187225
12.31229433775
11.6932404325
15.20121256225
30.8426412349
32.2458300868
38.69774745485
37.12947756155
29.9346955072
29.31564160195
26.45423688435
26.09656129465
24.52829140135
24.5695616617
24.74839945655
24.1018320444
21.2129138199
21.4880488889
22.68488643905
23.3039403443
26.1653450619
24.03304827715
14.3345370949
16.3980501124
25.79391271875
25.46375063595
23.9642645099
23.75791320815
22.84996748045
21.735670451
16.5906446607
16.27423933135
14.9123207398
14.89856398635
14.87105047945
15.2975098364
17.3059958401
16.41180686585
12.381078105
11.67948367905
8.4466466183
9.0519437701
11.830807967
11.3630783497
9.23078156495
9.1895113046
8.98316000285
9.8498354702
13.8943209845
15.47634763125
22.6161026718
25.62883167735
39.27553109975
40.995125281
48.8915017613
48.93277202165
49.1116098165
45.49358365915
28.7791282174
27.6235609276
22.3959946166
21.99704876655
20.15364380425
19.02559002135
13.8943209845
12.75251044815
7.69002517855
7.7312954389
7.9514034941
10.7577811979
23.5790754133
22.16212980795
15.83402322095
17.67742818325
26.1928585688
27.25212858445
32.1632895661
32.8786407455
36.1527480666
34.1992890767
25.4224803756
28.62780392945
43.45758414855
42.4533411467
37.7485314668
36.02893728555
28.18758781905
26.72937195335
20.1123735439
20.42877887325
21.88699473895
22.05207578035
22.84996748045
20.67640043535
10.9778892531
11.23926756865
12.44986187225
12.53240239295
12.9038347361
14.9948612605
24.30818334615
26.94948000855
38.7390177152
47.47455615595
86.6125197212
78.15211634945
40.26601734815
49.7719339821
92.32157240295
88.19454636795
69.4716049225
64.0789575701
40.01839578605
39.74326071705
38.4088556324
37.693504453
34.4744241457
40.8300442396
69.7742534984
74.05260382135
93.2432748841
93.5734369669
95.04540958605
90.0792215906
67.3530648912
64.01017380285
49.04282604925
47.69466421115
41.5178819121
40.6374496913
36.5379371632
34.95591051645
27.788641969
25.9727505136
17.8287524712
21.50180564235
38.23001783755
37.21201808225
32.6310191834
28.57277691565
10.49640288235
10.730267691
11.81705121355
16.30175283825
36.4278831356
37.3083153564
41.27026035
44.9295567677
61.28633661975
64.7392817357
80.43573742215
83.29714213975
96.28351739655
95.3618149154
91.19351862005
91.27605914075
91.60622122355
83.641060976
46.6904212093
48.4512856509
56.4302026519
56.82914850195
58.59001294355
52.9359872756
26.67434493955
29.15056056055
40.23850384125
42.8110167364
54.2841491137
53.8164194964
51.6978794651
51.40898764265
50.1020960649
51.51904167025
57.6683104624
52.8809602618
31.0077222763
30.7601007142
29.6595604382
32.42466788165
44.75071897285
47.2406913473
58.8238777522
54.40795989475
34.59823492675
37.54218016505
50.72114997015
49.0290692958
41.22899008965
40.0321525395
34.59823492675
35.61623468205
40.169720074
39.0416662911
33.8966405008
37.2257748357
52.15185232895
51.6428524513
49.3042043648
48.8364747475
46.7454482231
42.6184221881
24.17061581165
23.7991834685
22.13461630105
23.42775112535
29.3018848485
28.8616687381
26.8806962413
27.55477716035
30.66380344005
30.66380344005
30.66380344005
32.20455982645
38.9316122635
40.07342279985
45.2046918367
47.873502006
59.85563426095
57.6407969555
47.9010155129
47.44704264905
45.41104313845
47.1581508266
55.01325704655
53.2111223446
45.2046918367
44.09039480725
38.97288252385
38.69774745485
37.4458828909
42.24698984495
63.34984963725
63.10222807515
61.9879310457
61.03871505765
56.74660798125
53.9815005378
41.69671970695
44.33801636935
56.16882433635
55.577283938
52.9635007825
52.9359872756
52.81217649455
53.1285818239
54.60055444305
59.7593369868
82.7881422621
78.95000804955
61.78157974395
63.6387414597
72.07163132455
66.84406501355
43.56763817615
42.9760977778
40.3072876085
38.4363691393
29.92093875375
29.5495064106
27.8986959966
31.0627492901
45.2046918367
48.2586911026
61.97417429225
58.1635535866
41.50412515865
39.85331474465
32.31461385405
32.42466788165
32.9061542524
34.73580246125
42.87980050365
53.5963114412
102.2952186542
99.6814354987
87.56173570925
78.7161432409
39.27553109975
37.21201808225
28.063777038
27.19710157065
23.3039403443
22.1208595476
16.7557257021
16.8657797297
17.37477960735
22.2034000683
43.8015029848
44.11790831415
45.54861067295
45.3147458643
44.28298935555
41.03639554135
26.78439896715
29.01299302605
38.9866392773
39.13796356525
39.79828773085
36.6479911908
22.76742695975
21.58434616305
16.2879960848
16.13667179685
15.47634763125
16.7006986883
22.1208595476
22.3959946166
23.64785918055
31.92942475745
68.8663077707
66.32130838245
55.2196083483
52.81217649455
42.0681520501
41.7104764604
40.0871795533
38.78028797555
32.9061542524
32.2733435937
29.4944793968
27.99499327075
21.39175161475
20.8277247233
18.25521182815
17.9112929919
16.3430230986
16.2879960848
16.0403745227
16.1779420572
16.8107527159
16.9208067435
17.3885363608
17.0033472642
15.25623957605
15.75148270025
17.95256325225
19.74094120075
27.6235609276
29.6870739451
38.72526096175
40.62369293785
49.2216638441
45.397286385
43.59515168305
42.71471946225
38.80780148245
37.04693704085
29.31564160195
29.06802003985
27.96747976385
28.76537146395
32.42466788165
30.4299386314
21.66688668375
36.7855587253
104.2211641372
107.12383911515
120.0964576185
114.0434861005
87.01146557125
86.95643855745
86.73633050225
83.65481772945
70.11817233465
67.8758215223
57.84714825725
57.4757159141
55.8799325139
54.1740950861
46.3877726334
44.9020432608
38.1337205634
36.9506397667
31.87439774365
31.0352357832
27.33466910515
24.8171832238
13.6466994224
14.3620506018
17.42980662115
17.78748221085
19.35575210415
19.9472925025
22.6161026718
23.95050775645
29.7696144658
31.365397866
38.61520693415
40.0321525395
46.37401587995
49.1116098165
61.28633661975
61.9879310457
65.08320057195
60.37839089205
39.44061214115
39.82580123775
41.4903684052
42.370800626
46.23644834545
44.83325949355
38.6289636876
44.64066494525
71.7552259952
67.03665956185
45.98882678335
47.7359344715
55.37093263625
57.10428357095
64.7943087495
63.81757925455
59.4566884109
60.46093141275
64.8768492702
63.79006574765
58.92017502635
57.3656618865
50.41850139425
49.18039358375
43.67769220375
45.0946378091
51.3126903685
51.175122834
50.55606892875
50.66612295635
51.0925823133
49.8544745028
44.3792866297
43.8840435055
41.6554494466
40.23850384125
34.15801881635
35.6024779286
41.94434126905
42.9485842709
47.33698862145
45.27347560395
36.4278831356
41.17396307585
61.64401220945
57.10428357095
37.15699106845
41.4353413914
59.8418775075
61.3000933732
67.66947022055
72.5806312022
94.16497736525
93.1607343634
88.82735702665
91.88135629255
105.11535311145
105.7344070167
108.49951446015
109.07729810505
111.60854073985
108.9259738171
97.0951658501
94.35757191355
82.33416939825
80.90346703945
74.7266847404
70.99860455545
54.6418247034
54.62806794995
54.6143111965
51.95925778065
40.0871795533
39.0966933049
34.8045862285
36.1527480666
42.08190880355
43.4163138882
49.2766908579
48.35498837675
44.2417190952
45.74120522125
52.4132306445
52.6333386997
53.5412844274
54.82066249825
60.4746881662
59.0164723005
52.61958194625
52.0280415479
49.45552865275
49.70315021485
50.77617698395
51.8629605065
56.63655395365
55.852419007
52.4682576583
50.50104191495
41.820530488
40.37607137575
34.1442620629
34.2543160905
34.73580246125
35.12099155785
36.8405857391
38.58769342725
46.07136730405
47.52958316975
53.8164194964
52.8534467549
48.5338261716
48.93277202165
50.6798797098
51.1476093271
53.16985208425
55.37093263625
65.1519843392
64.4916601736
61.630255456
60.5847421938
55.92120277425
57.35190513305
63.7487954873
61.39639064735
51.07882555985
49.4142583924
42.13693581735
41.09142255515
36.5654506701
36.0702075459
33.841613487
32.50720840235
26.61931792575
26.34418285675
25.1748588135
24.91348049795
23.7716699616
23.70288619435
23.386480865
22.3959946166
18.06261727985
17.8287524712
16.783239209
16.5356176469
15.4625908778
14.73348294495
11.62445666525
11.54191614455
11.1979973083
11.78953770665
14.3620506018
16.6181581676
26.3029125964
28.7241012036
38.89034200315
37.2257748357
29.92093875375
32.190803073
41.91682776215
42.3157736122
44.00785428655
44.7369622194
47.91477226635
48.0660965543
48.698907213
46.23644834545
35.83634273725
35.47866714755
33.88288374735
33.41515413005
31.365397866
30.74634396075
28.0362635311
27.91245275005
27.41720962585
28.1738310656
31.365397866
30.58126291935
27.27964209135
27.44472313275
28.16007431215
28.21510132595
28.4214526277
28.7791282174
30.3749116176
27.0182637758
12.6011861602
13.11018603785
15.3250233433
17.0858877849
24.66585893585
24.3219400996
22.8086972201
23.92299424955
28.6965876967
29.04050653295
30.5675061659
30.85639798835
32.1357760592
32.86488399205
35.97391027175
35.6850184493
34.4193971319
34.5569646664
35.1897753251
35.2723158458
35.6299914355
36.30407235455
39.30304460665
39.08293655145
38.1337205634
38.8490717428
41.97185477595
43.09990855885
48.0110695405
47.5158264163
45.3422593712
45.5623674264
46.51158341445
46.07136730405
44.1041515607
43.471340902
40.76126047235
39.49563915495
34.02045128185
32.6585326903
26.83942598095
28.1738310656
33.96542426805
35.76755897
43.5538814227
43.0036112847
40.6374496913
41.14644956895
43.3337733675
43.0311247916
41.7379899673
42.49461140705
45.76871872815
45.5898809333
44.83325949355
43.4988544089
37.8035584806
36.2352885873
29.4944793968
29.94845226065
31.8881544971
32.34212736095
34.32309985775
34.02045128185
32.6860461972
32.7135597041
32.7961002248
31.15904656425
24.0743185375
22.8912377408
17.6911849367
17.9388064988
19.0118332679
19.08061703515
19.35575210415
19.16315755585
18.31023884195
18.06261727985
16.9483202504
16.6456716745
15.33878009675
15.58640165885
16.6181581676
17.0033472642
18.64040092475
17.20969856595
11.0604297738
9.80856520985
4.4296746109
5.0624852696
7.7312954389
8.18526830275
10.1524840461
12.3535645981
21.83196772515
25.6425884308
42.02688178975
42.16444932425
42.79725998295
40.9125847603
32.78234347135
34.667018694
42.6184221881
41.6279359397
37.3633423702
34.62574843365
22.8637242339
22.285940589
19.8372384749
23.53780515295
39.46812564805
42.1231790639
53.5687979343
54.27039236025
57.24185110545
55.8249055001
49.6893934614
47.9835560336
40.59617943095
41.2977738569
44.296746109
42.71471946225
35.94639676485
35.25855909235
32.23207333335
